-0.85
-0.65
-0.45
-0.25
-0.05
0.15
0.35
0.55
0.75
-1.55
-1.35
-1.15
-0.95
-0.75
-0.55
-0.35
-0.15
0.05
0.25
0.45
0.65
0.85
1.05
1.25
1.45
-1.85
-1.65
-1.45
-1.25
-1.05
-0.85
-0.65
-0.45
-0.25
-0.05
0.15
0.35
0.55
0.75
0.95
1.15
1.35
1.55
1.75
1.95
-2.35
-2.15
-1.95
-1.75
-1.55
-1.35
-1.15
-0.95
-0.75
-0.55
-0.35
-0.15
0.05
0.25
0.45
0.65
0.85
1.05
1.25
1.45
1.65
1.85
2.05
2.25
-2.65
-2.45
-2.25
-2.05
-1.85
-1.65
-1.45
-1.25
-1.05
-0.85
-0.65
-0.45
-0.25
-0.05
0.15
0.35
0.55
0.75
0.95
1.15
1.35
1.55
1.75
1.95
2.15
2.35
2.55
-2.75
-2.55
-2.35
-2.15
-1.95
-1.75
-1.55
-1.35
-1.15
-0.95
-0.75
-0.55
-0.35
-0.15
0.05
0.25
0.45
0.65
0.85
1.05
1.25
1.45
1.65
1.85
2.05
2.25
2.45
2.65
2.85
-3.05
-2.85
-2.65
-2.45
-2.25
-2.05
-1.85
-1.65
-1.45
-1.25
-1.05
-0.85
-0.65
-0.45
-0.25
-0.05
0.15
0.35
0.55
0.75
0.95
1.15
1.35
1.55
1.75
1.95
2.15
2.35
2.55
2.75
2.95
3.15
-3.35
-3.15
-2.95
-2.75
-2.55
-2.35
-2.15
-1.95
-1.75
-1.55
-1.35
-1.15
-0.95
-0.75
-0.55
-0.35
-0.15
0.05
0.25
0.45
0.65
0.85
1.05
1.25
1.45
1.65
1.85
2.05
2.25
2.45
2.65
2.85
3.05
3.25
-3.45
-3.25
-3.05
-2.85
-2.65
-2.45
-2.25
-2.05
-1.85
-1.65
-1.45
-1.25
-1.05
-0.85
-0.65
-0.45
-0.25
-0.05
0.15
0.35
0.55
0.75
0.95
1.15
1.35
1.55
1.75
1.95
2.15
2.35
2.55
2.75
2.95
3.15
3.35
-3.55
-3.35
-3.15
-2.95
-2.75
-2.55
-2.35
-2.15
-1.95
-1.75
-1.55
-1.35
-1.15
-0.95
-0.75
-0.55
-0.35
-0.15
0.05
0.25
0.45
0.65
0.85
1.05
1.25
1.45
1.65
1.85
2.05
2.25
2.45
2.65
2.85
3.05
3.25
3.45
3.65
-3.85
-3.65
-3.45
-3.25
-3.05
-2.85
-2.65
-2.45
-2.25
-2.05
-1.85
-1.65
-1.45
-1.25
-1.05
-0.85
-0.65
-0.45
-0.25
-0.05
0.15
0.35
0.55
0.75
0.95
1.15
1.35
1.55
1.75
1.95
2.15
2.35
2.55
2.75
2.95
3.15
3.35
3.55
3.75
-3.95
-3.75
-3.55
-3.35
-3.15
-2.95
-2.75
-2.55
-2.35
-2.15
-1.95
-1.75
-1.55
-1.35
-1.15
-0.95
-0.75
-0.55
-0.35
-0.15
0.05
0.25
0.45
0.65
0.85
1.05
1.25
1.45
1.65
1.85
2.05
2.25
2.45
2.65
2.85
3.05
3.25
3.45
3.65
3.85
-4.05
-3.85
-3.65
-3.45
-3.25
-3.05
-2.85
-2.65
-2.45
-2.25
-2.05
-1.85
-1.65
-1.45
-1.25
-1.05
-0.85
-0.65
-0.45
-0.25
-0.05
0.15
0.35
0.55
0.75
0.95
1.15
1.35
1.55
1.75
1.95
2.15
2.35
2.55
2.75
2.95
3.15
3.35
3.55
3.75
3.95
-4.15
-3.95
-3.75
-3.55
-3.35
-3.15
-2.95
-2.75
-2.55
-2.35
-2.15
-1.95
-1.75
-1.55
-1.35
-1.15
-0.95
-0.75
-0.55
-0.35
-0.15
0.05
0.25
0.45
0.65
0.85
1.05
1.25
1.45
1.65
1.85
2.05
2.25
2.45
2.65
2.85
3.05
3.25
3.45
3.65
3.85
4.05
-4.25
-4.05
-3.85
-3.65
-3.45
-3.25
-3.05
-2.85
-2.65
-2.45
-2.25
-2.05
-1.85
-1.65
-1.45
-1.25
-1.05
-0.85
-0.65
-0.45
-0.25
-0.05
0.15
0.35
0.55
0.75
0.95
1.15
1.35
1.55
1.75
1.95
2.15
2.35
2.55
2.75
2.95
3.15
3.35
3.55
3.75
3.95
4.15
-4.35
-4.15
-3.95
-3.75
-3.55
-3.35
-3.15
-2.95
-2.75
-2.55
-2.35
-2.15
-1.95
-1.75
-1.55
-1.35
-1.15
-0.95
-0.75
-0.55
-0.35
-0.15
0.05
0.25
0.45
0.65
0.85
1.05
1.25
1.45
1.65
1.85
2.05
2.25
2.45
2.65
2.85
3.05
3.25
3.45
3.65
3.85
4.05
4.25
-4.45
-4.25
-4.05
-3.85
-3.65
-3.45
-3.25
-3.05
-2.85
-2.65
-2.45
-2.25
-2.05
-1.85
-1.65
-1.45
-1.25
-1.05
-0.85
-0.65
-0.45
-0.25
-0.05
0.15
0.35
0.55
0.75
0.95
1.15
1.35
1.55
1.75
1.95
2.15
2.35
2.55
2.75
2.95
3.15
3.35
3.55
3.75
3.95
4.15
4.35
-4.55
-4.35
-4.15
-3.95
-3.75
-3.55
-3.35
-3.15
-2.95
-2.75
-2.55
-2.35
-2.15
-1.95
-1.75
-1.55
-1.35
-1.15
-0.95
-0.75
-0.55
-0.35
-0.15
0.05
0.25
0.45
0.65
0.85
1.05
1.25
1.45
1.65
1.85
2.05
2.25
2.45
2.65
2.85
3.05
3.25
3.45
3.65
3.85
4.05
4.25
4.45
-4.65
-4.45
-4.25
-4.05
-3.85
-3.65
-3.45
-3.25
-3.05
-2.85
-2.65
-2.45
-2.25
-2.05
-1.85
-1.65
-1.45
-1.25
-1.05
-0.85
-0.65
-0.45
-0.25
-0.05
0.15
0.35
0.55
0.75
0.95
1.15
1.35
1.55
1.75
1.95
2.15
2.35
2.55
2.75
2.95
3.15
3.35
3.55
3.75
3.95
4.15
4.35
4.55
-4.55
-4.35
-4.15
-3.95
-3.75
-3.55
-3.35
-3.15
-2.95
-2.75
-2.55
-2.35
-2.15
-1.95
-1.75
-1.55
-1.35
-1.15
-0.95
-0.75
-0.55
-0.35
-0.15
0.05
0.25
0.45
0.65
0.85
1.05
1.25
1.45
1.65
1.85
2.05
2.25
2.45
2.65
2.85
3.05
3.25
3.45
3.65
3.85
4.05
4.25
4.45
4.65
-4.65
-4.45
-4.25
-4.05
-3.85
-3.65
-3.45
-3.25
-3.05
-2.85
-2.65
-2.45
-2.25
-2.05
-1.85
-1.65
-1.45
-1.25
-1.05
-0.85
-0.65
-0.45
-0.25
-0.05
0.15
0.35
0.55
0.75
0.95
1.15
1.35
1.55
1.75
1.95
2.15
2.35
2.55
2.75
2.95
3.15
3.35
3.55
3.75
3.95
4.15
4.35
4.55
4.75
-4.75
-4.55
-4.35
-4.15
-3.95
-3.75
-3.55
-3.35
-3.15
-2.95
-2.75
-2.55
-2.35
-2.15
-1.95
-1.75
-1.55
-1.35
-1.15
-0.95
-0.75
-0.55
-0.35
-0.15
0.05
0.25
0.45
0.65
0.85
1.05
1.25
1.45
1.65
1.85
2.05
2.25
2.45
2.65
2.85
3.05
3.25
3.45
3.65
3.85
4.05
4.25
4.45
4.65
-4.85
-4.65
-4.45
-4.25
-4.05
-3.85
-3.65
-3.45
-3.25
-3.05
-2.85
-2.65
-2.45
-2.25
-2.05
-1.85
-1.65
-1.45
-1.25
-1.05
-0.85
-0.65
-0.45
-0.25
-0.05
0.15
0.35
0.55
0.75
0.95
1.15
1.35
1.55
1.75
1.95
2.15
2.35
2.55
2.75
2.95
3.15
3.35
3.55
3.75
3.95
4.15
4.35
4.55
4.75
-4.75
-4.55
-4.35
-4.15
-3.95
-3.75
-3.55
-3.35
-3.15
-2.95
-2.75
-2.55
-2.35
-2.15
-1.95
-1.75
-1.55
-1.35
-1.15
-0.95
-0.75
-0.55
-0.35
-0.15
0.05
0.25
0.45
0.65
0.85
1.05
1.25
1.45
1.65
1.85
2.05
2.25
2.45
2.65
2.85
3.05
3.25
3.45
3.65
3.85
4.05
4.25
4.45
4.65
4.85
-4.85
-4.65
-4.45
-4.25
-4.05
-3.85
-3.65
-3.45
-3.25
-3.05
-2.85
-2.65
-2.45
-2.25
-2.05
-1.85
-1.65
-1.45
-1.25
-1.05
-0.85
-0.65
-0.45
-0.25
-0.05
0.15
0.35
0.55
0.75
0.95
1.15
1.35
1.55
1.75
1.95
2.15
2.35
2.55
2.75
2.95
3.15
3.35
3.55
3.75
3.95
4.15
4.35
4.55
4.75
-4.95
-4.75
-4.55
-4.35
-4.15
-3.95
-3.75
-3.55
-3.35
-3.15
-2.95
-2.75
-2.55
-2.35
-2.15
-1.95
-1.75
-1.55
-1.35
-1.15
-0.95
-0.75
-0.55
-0.35
-0.15
0.05
0.25
0.45
0.65
0.85
1.05
1.25
1.45
1.65
1.85
2.05
2.25
2.45
2.65
2.85
3.05
3.25
3.45
3.65
3.85
4.05
4.25
4.45
4.65
4.85
-4.85
-4.65
-4.45
-4.25
-4.05
-3.85
-3.65
-3.45
-3.25
-3.05
-2.85
-2.65
-2.45
-2.25
-2.05
-1.85
-1.65
-1.45
-1.25
-1.05
-0.85
-0.65
-0.45
-0.25
-0.05
0.15
0.35
0.55
0.75
0.95
1.15
1.35
1.55
1.75
1.95
2.15
2.35
2.55
2.75
2.95
3.15
3.35
3.55
3.75
3.95
4.15
4.35
4.55
4.75
4.95
-4.95
-4.75
-4.55
-4.35
-4.15
-3.95
-3.75
-3.55
-3.35
-3.15
-2.95
-2.75
-2.55
-2.35
-2.15
-1.95
-1.75
-1.55
-1.35
-1.15
-0.95
-0.75
-0.55
-0.35
-0.15
0.05
0.25
0.45
0.65
0.85
1.05
1.25
1.45
1.65
1.85
2.05
2.25
2.45
2.65
2.85
3.05
3.25
3.45
3.65
3.85
4.05
4.25
4.45
4.65
4.85
-4.85
-4.65
-4.45
-4.25
-4.05
-3.85
-3.65
-3.45
-3.25
-3.05
-2.85
-2.65
-2.45
-2.25
-2.05
-1.85
-1.65
-1.45
-1.25
-1.05
-0.85
-0.65
-0.45
-0.25
-0.05
0.15
0.35
0.55
0.75
0.95
1.15
1.35
1.55
1.75
1.95
2.15
2.35
2.55
2.75
2.95
3.15
3.35
3.55
3.75
3.95
4.15
4.35
4.55
4.75
4.95
-4.95
-4.75
-4.55
-4.35
-4.15
-3.95
-3.75
-3.55
-3.35
-3.15
-2.95
-2.75
-2.55
-2.35
-2.15
-1.95
-1.75
-1.55
-1.35
-1.15
-0.95
-0.75
-0.55
-0.35
-0.15
0.05
0.25
0.45
0.65
0.85
1.05
1.25
1.45
1.65
1.85
2.05
2.25
2.45
2.65
2.85
3.05
3.25
3.45
3.65
3.85
4.05
4.25
4.45
4.65
4.85
-4.85
-4.65
-4.45
-4.25
-4.05
-3.85
-3.65
-3.45
-3.25
-3.05
-2.85
-2.65
-2.45
-2.25
-2.05
-1.85
-1.65
-1.45
-1.25
-1.05
-0.85
-0.65
-0.45
-0.25
-0.05
0.15
0.35
0.55
0.75
0.95
1.15
1.35
1.55
1.75
1.95
2.15
2.35
2.55
2.75
2.95
3.15
3.35
3.55
3.75
3.95
4.15
4.35
4.55
4.75
4.95
-4.95
-4.75
-4.55
-4.35
-4.15
-3.95
-3.75
-3.55
-3.35
-3.15
-2.95
-2.75
-2.55
-2.35
-2.15
-1.95
-1.75
-1.55
-1.35
-1.15
-0.95
-0.75
-0.55
-0.35
-0.15
0.05
0.25
0.45
0.65
0.85
1.05
1.25
1.45
1.65
1.85
2.05
2.25
2.45
2.65
2.85
3.05
3.25
3.45
3.65
3.85
4.05
4.25
4.45
4.65
4.85
-4.85
-4.65
-4.45
-4.25
-4.05
-3.85
-3.65
-3.45
-3.25
-3.05
-2.85
-2.65
-2.45
-2.25
-2.05
-1.85
-1.65
-1.45
-1.25
-1.05
-0.85
-0.65
-0.45
-0.25
-0.05
0.15
0.35
0.55
0.75
0.95
1.15
1.35
1.55
1.75
1.95
2.15
2.35
2.55
2.75
2.95
3.15
3.35
3.55
3.75
3.95
4.15
4.35
4.55
4.75
4.95
-4.75
-4.55
-4.35
-4.15
-3.95
-3.75
-3.55
-3.35
-3.15
-2.95
-2.75
-2.55
-2.35
-2.15
-1.95
-1.75
-1.55
-1.35
-1.15
-0.95
-0.75
-0.55
-0.35
-0.15
0.05
0.25
0.45
0.65
0.85
1.05
1.25
1.45
1.65
1.85
2.05
2.25
2.45
2.65
2.85
3.05
3.25
3.45
3.65
3.85
4.05
4.25
4.45
4.65
4.85
-4.85
-4.65
-4.45
-4.25
-4.05
-3.85
-3.65
-3.45
-3.25
-3.05
-2.85
-2.65
-2.45
-2.25
-2.05
-1.85
-1.65
-1.45
-1.25
-1.05
-0.85
-0.65
-0.45
-0.25
-0.05
0.15
0.35
0.55
0.75
0.95
1.15
1.35
1.55
1.75
1.95
2.15
2.35
2.55
2.75
2.95
3.15
3.35
3.55
3.75
3.95
4.15
4.35
4.55
4.75
-4.75
-4.55
-4.35
-4.15
-3.95
-3.75
-3.55
-3.35
-3.15
-2.95
-2.75
-2.55
-2.35
-2.15
-1.95
-1.75
-1.55
-1.35
-1.15
-0.95
-0.75
-0.55
-0.35
-0.15
0.05
0.25
0.45
0.65
0.85
1.05
1.25
1.45
1.65
1.85
2.05
2.25
2.45
2.65
2.85
3.05
3.25
3.45
3.65
3.85
4.05
4.25
4.45
4.65
4.85
-4.65
-4.45
-4.25
-4.05
-3.85
-3.65
-3.45
-3.25
-3.05
-2.85
-2.65
-2.45
-2.25
-2.05
-1.85
-1.65
-1.45
-1.25
-1.05
-0.85
-0.65
-0.45
-0.25
-0.05
0.15
0.35
0.55
0.75
0.95
1.15
1.35
1.55
1.75
1.95
2.15
2.35
2.55
2.75
2.95
3.15
3.35
3.55
3.75
3.95
4.15
4.35
4.55
4.75
-4.75
-4.55
-4.35
-4.15
-3.95
-3.75
-3.55
-3.35
-3.15
-2.95
-2.75
-2.55
-2.35
-2.15
-1.95
-1.75
-1.55
-1.35
-1.15
-0.95
-0.75
-0.55
-0.35
-0.15
0.05
0.25
0.45
0.65
0.85
1.05
1.25
1.45
1.65
1.85
2.05
2.25
2.45
2.65
2.85
3.05
3.25
3.45
3.65
3.85
4.05
4.25
4.45
4.65
-4.65
-4.45
-4.25
-4.05
-3.85
-3.65
-3.45
-3.25
-3.05
-2.85
-2.65
-2.45
-2.25
-2.05
-1.85
-1.65
-1.45
-1.25
-1.05
-0.85
-0.65
-0.45
-0.25
-0.05
0.15
0.35
0.55
0.75
0.95
1.15
1.35
1.55
1.75
1.95
2.15
2.35
2.55
2.75
2.95
3.15
3.35
3.55
3.75
3.95
4.15
4.35
4.55
-4.55
-4.35
-4.15
-3.95
-3.75
-3.55
-3.35
-3.15
-2.95
-2.75
-2.55
-2.35
-2.15
-1.95
-1.75
-1.55
-1.35
-1.15
-0.95
-0.75
-0.55
-0.35
-0.15
0.05
0.25
0.45
0.65
0.85
1.05
1.25
1.45
1.65
1.85
2.05
2.25
2.45
2.65
2.85
3.05
3.25
3.45
3.65
3.85
4.05
4.25
4.45
-4.45
-4.25
-4.05
-3.85
-3.65
-3.45
-3.25
-3.05
-2.85
-2.65
-2.45
-2.25
-2.05
-1.85
-1.65
-1.45
-1.25
-1.05
-0.85
-0.65
-0.45
-0.25
-0.05
0.15
0.35
0.55
0.75
0.95
1.15
1.35
1.55
1.75
1.95
2.15
2.35
2.55
2.75
2.95
3.15
3.35
3.55
3.75
3.95
4.15
4.35
4.55
-4.35
-4.15
-3.95
-3.75
-3.55
-3.35
-3.15
-2.95
-2.75
-2.55
-2.35
-2.15
-1.95
-1.75
-1.55
-1.35
-1.15
-0.95
-0.75
-0.55
-0.35
-0.15
0.05
0.25
0.45
0.65
0.85
1.05
1.25
1.45
1.65
1.85
2.05
2.25
2.45
2.65
2.85
3.05
3.25
3.45
3.65
3.85
4.05
4.25
4.45
-4.25
-4.05
-3.85
-3.65
-3.45
-3.25
-3.05
-2.85
-2.65
-2.45
-2.25
-2.05
-1.85
-1.65
-1.45
-1.25
-1.05
-0.85
-0.65
-0.45
-0.25
-0.05
0.15
0.35
0.55
0.75
0.95
1.15
1.35
1.55
1.75
1.95
2.15
2.35
2.55
2.75
2.95
3.15
3.35
3.55
3.75
3.95
4.15
4.35
-4.15
-3.95
-3.75
-3.55
-3.35
-3.15
-2.95
-2.75
-2.55
-2.35
-2.15
-1.95
-1.75
-1.55
-1.35
-1.15
-0.95
-0.75
-0.55
-0.35
-0.15
0.05
0.25
0.45
0.65
0.85
1.05
1.25
1.45
1.65
1.85
2.05
2.25
2.45
2.65
2.85
3.05
3.25
3.45
3.65
3.85
4.05
4.25
-4.05
-3.85
-3.65
-3.45
-3.25
-3.05
-2.85
-2.65
-2.45
-2.25
-2.05
-1.85
-1.65
-1.45
-1.25
-1.05
-0.85
-0.65
-0.45
-0.25
-0.05
0.15
0.35
0.55
0.75
0.95
1.15
1.35
1.55
1.75
1.95
2.15
2.35
2.55
2.75
2.95
3.15
3.35
3.55
3.75
3.95
4.15
-3.95
-3.75
-3.55
-3.35
-3.15
-2.95
-2.75
-2.55
-2.35
-2.15
-1.95
-1.75
-1.55
-1.35
-1.15
-0.95
-0.75
-0.55
-0.35
-0.15
0.05
0.25
0.45
0.65
0.85
1.05
1.25
1.45
1.65
1.85
2.05
2.25
2.45
2.65
2.85
3.05
3.25
3.45
3.65
3.85
4.05
-3.85
-3.65
-3.45
-3.25
-3.05
-2.85
-2.65
-2.45
-2.25
-2.05
-1.85
-1.65
-1.45
-1.25
-1.05
-0.85
-0.65
-0.45
-0.25
-0.05
0.15
0.35
0.55
0.75
0.95
1.15
1.35
1.55
1.75
1.95
2.15
2.35
2.55
2.75
2.95
3.15
3.35
3.55
3.75
3.95
-3.75
-3.55
-3.35
-3.15
-2.95
-2.75
-2.55
-2.35
-2.15
-1.95
-1.75
-1.55
-1.35
-1.15
-0.95
-0.75
-0.55
-0.35
-0.15
0.05
0.25
0.45
0.65
0.85
1.05
1.25
1.45
1.65
1.85
2.05
2.25
2.45
2.65
2.85
3.05
3.25
3.45
3.65
-3.65
-3.45
-3.25
-3.05
-2.85
-2.65
-2.45
-2.25
-2.05
-1.85
-1.65
-1.45
-1.25
-1.05
-0.85
-0.65
-0.45
-0.25
-0.05
0.15
0.35
0.55
0.75
0.95
1.15
1.35
1.55
1.75
1.95
2.15
2.35
2.55
2.75
2.95
3.15
3.35
3.55
-3.35
-3.15
-2.95
-2.75
-2.55
-2.35
-2.15
-1.95
-1.75
-1.55
-1.35
-1.15
-0.95
-0.75
-0.55
-0.35
-0.15
0.05
0.25
0.45
0.65
0.85
1.05
1.25
1.45
1.65
1.85
2.05
2.25
2.45
2.65
2.85
3.05
3.25
3.45
-3.25
-3.05
-2.85
-2.65
-2.45
-2.25
-2.05
-1.85
-1.65
-1.45
-1.25
-1.05
-0.85
-0.65
-0.45
-0.25
-0.05
0.15
0.35
0.55
0.75
0.95
1.15
1.35
1.55
1.75
1.95
2.15
2.35
2.55
2.75
2.95
3.15
-2.95
-2.75
-2.55
-2.35
-2.15
-1.95
-1.75
-1.55
-1.35
-1.15
-0.95
-0.75
-0.55
-0.35
-0.15
0.05
0.25
0.45
0.65
0.85
1.05
1.25
1.45
1.65
1.85
2.05
2.25
2.45
2.65
2.85
3.05
-2.85
-2.65
-2.45
-2.25
-2.05
-1.85
-1.65
-1.45
-1.25
-1.05
-0.85
-0.65
-0.45
-0.25
-0.05
0.15
0.35
0.55
0.75
0.95
1.15
1.35
1.55
1.75
1.95
2.15
2.35
2.55
2.75
-2.55
-2.35
-2.15
-1.95
-1.75
-1.55
-1.35
-1.15
-0.95
-0.75
-0.55
-0.35
-0.15
0.05
0.25
0.45
0.65
0.85
1.05
1.25
1.45
1.65
1.85
2.05
2.25
2.45
-2.25
-2.05
-1.85
-1.65
-1.45
-1.25
-1.05
-0.85
-0.65
-0.45
-0.25
-0.05
0.15
0.35
0.55
0.75
0.95
1.15
1.35
1.55
1.75
1.95
2.15
-1.75
-1.55
-1.35
-1.15
-0.95
-0.75
-0.55
-0.35
-0.15
0.05
0.25
0.45
0.65
0.85
1.05
1.25
1.45
1.65
1.85
-1.25
-1.05
-0.85
-0.65
-0.45
-0.25
-0.05
0.15
0.35
0.55
0.75
0.95
1.15
1.35
-0.55
-0.35
-0.15
0.05
0.25
0.45
-0.854644
-0.661487
-0.462046
-0.258156
-0.0517573
0.155146
0.360538
0.56244
0.75896
-1.55797
-1.38907
-1.20767
-1.01506
-0.812774
-0.602558
-0.386362
-0.166285
0.0554751
0.276673
0.495079
0.708539
0.915024
1.11268
1.29986
1.47515
-1.90447
-1.74792
-1.5761
-1.38994
-1.19065
-0.979761
-0.759058
-0.530584
-0.296588
-0.0594748
0.178267
0.414129
0.645656
0.870514
1.08655
1.29185
1.48474
1.66387
1.82815
1.9768
-2.36627
-2.24528
-2.10653
-1.95021
-1.77678
-1.58702
-1.38204
-1.16331
-0.93262
-0.692076
-0.444065
-0.191193
0.0637898
0.318067
0.568845
0.813436
1.04934
1.27429
1.48635
1.68388
1.86559
2.03055
2.17812
2.308
-2.66749
-2.57035
-2.4543
-2.31905
-2.16456
-1.99107
-1.79915
-1.58975
-1.36422
-1.1243
-0.872128
-0.610196
-0.3413
-0.0684589
0.205177
0.476434
0.742214
0.999599
1.24594
1.4789
1.69656
1.89736
2.08016
2.2442
2.38908
2.51471
2.62126
-2.87001
-2.78061
-2.67122
-2.54127
-2.39044
-2.2187
-2.02636
-1.81413
-1.58316
-1.3351
-1.07204
-0.796531
-0.511543
-0.220357
0.0735275
0.36651
0.655024
0.935662
1.20529
1.46115
1.7009
1.92267
2.12507
2.30718
2.46848
2.60884
2.72845
2.82777
2.90743
-3.13575
-3.07572
-2.99576
-2.89485
-2.77216
-2.62704
-2.45913
-2.2684
-2.05527
-1.82063
-1.56589
-1.29305
-1.00465
-0.703783
-0.393961
-0.0790493
0.23689
0.549756
0.855567
1.15061
1.43158
1.69566
1.94056
2.1646
2.3666
2.54594
2.70244
2.83628
2.94798
3.0383
3.10816
3.15863
-3.3608
-3.33148
-3.28307
-3.21424
-3.12373
-3.01038
-2.8732
-2.71144
-2.5247
-2.31299
-2.07684
-1.81735
-1.5363
-1.23613
-0.919957
-0.591499
-0.254968
0.0850877
0.423964
0.757011
1.07982
1.38842
1.67938
1.94991
2.19791
2.42195
2.62121
2.79543
2.94482
3.06998
3.17177
3.25128
3.30974
3.34844
-3.54184
-3.5256
-3.49025
-3.43425
-3.35606
-3.25422
-3.12737
-2.97433
-2.79426
-2.58668
-2.35166
-2.08986
-1.80272
-1.49243
-1.16203
-0.815345
-0.456893
-0.0917189
0.274816
0.637285
0.990455
1.32952
1.65029
1.94934
2.22403
2.47257
2.69392
2.88772
3.05418
3.194
3.30819
3.39802
3.46493
3.51041
3.53602
-3.71832
-3.71627
-3.69532
-3.65375
-3.58979
-3.50165
-3.3876
-3.24603
-3.07559
-2.87524
-2.64448
-2.3834
-2.09291
-1.77481
-1.4319
-1.06796
-0.687725
-0.296707
0.0990347
0.493195
0.879551
1.25228
1.60625
1.93716
2.24174
2.51769
2.76367
2.9792
3.16449
3.32034
3.44796
3.54885
3.62468
3.67722
3.70826
3.71955
3.71278
-3.85872
-3.88845
-3.9015
-3.89614
-3.87048
-3.82254
-3.75024
-3.6515
-3.52427
-3.36664
-3.17698
-2.95408
-2.69735
-2.40699
-2.08419
-1.73128
-1.3518
-0.950554
-0.533416
-0.107147
0.320975
0.743565
1.15356
1.54459
1.91131
2.24953
2.55633
2.82995
3.06974
3.2759
3.44936
3.59157
3.70431
3.78957
3.84943
3.88597
3.90124
3.89717
3.87556
-4.00566
-4.05042
-4.07931
-4.09051
-4.08204
-4.05173
-3.99729
-3.91629
-3.80626
-3.66476
-3.4895
-3.27852
-3.03039
-2.7444
-2.42091
-2.06149
-1.66918
-1.24856
-0.805713
-0.348028
0.116193
0.578223
1.02948
1.46206
1.86919
2.24554
2.58728
2.89213
3.15916
3.38858
3.58148
3.73959
3.86506
3.96026
4.02768
4.06976
4.08886
4.08724
4.06696
4.02992
-4.14238
-4.20246
-4.24766
-4.27616
-4.28589
-4.27459
-4.23978
-4.17877
-4.08871
-3.96666
-3.80969
-3.61502
-3.38026
-3.10368
-2.78449
-2.42321
-2.02199
-1.58483
-1.11771
-0.628445
-0.126343
0.378373
0.875293
1.35457
1.80757
2.22739
2.60902
2.94941
3.24728
3.50278
3.71722
3.89272
4.03187
4.13756
4.21272
4.26029
4.28302
4.2835
4.26412
4.22703
4.17417
-4.26743
-4.34288
-4.40462
-4.45083
-4.47947
-4.48823
-4.47451
-4.43545
-4.36789
-4.26845
-4.13362
-3.95982
-3.74367
-3.48223
-3.17335
-2.81615
-2.41142
-1.96211
-1.47358
-0.953711
-0.41265
0.137815
0.685123
1.21697
1.72231
2.19206
2.6196
3.00079
3.33381
3.61877
3.85724
4.05181
4.20569
4.32237
4.40543
4.45834
4.48435
4.48649
4.46749
4.42979
4.37557
4.30677
-4.37951
-4.47013
-4.54834
-4.61239
-4.66029
-4.68977
-4.69819
-4.6826
-4.63967
-4.56569
-4.45664
-4.30823
-4.11611
-3.87608
-3.58446
-3.23861
-2.83749
-2.38232
-1.8772
-1.32944
-0.749579
-0.150882
0.451674
1.04275
1.60806
2.13563
2.61648
3.04494
3.41842
3.73691
4.00233
4.2179
4.38762
4.51581
4.60681
4.66478
4.6936
4.69679
4.67749
4.6385
4.58225
4.51089
4.42627
-4.47747
-4.58283
-4.67717
-4.75885
-4.82599
-4.87641
-4.90755
-4.91647
-4.89975
-4.85353
-4.77343
-4.65461
-4.49185
-4.27975
-4.01302
-3.68703
-3.29841
-2.84599
-2.33164
-1.76117
-1.14469
-0.496503
0.165902
0.823524
1.45787
2.05289
2.59629
3.08014
3.50068
3.85768
4.15353
4.39231
4.57906
4.71918
4.81801
4.88059
4.91154
4.91499
4.89457
4.85344
4.79437
4.7197
4.63148
4.53144
-4.56039
-4.67984
-4.78968
-4.88846
-4.97444
-5.04559
-5.0995
-5.13334
-5.14378
-5.12693
-5.07825
-4.99257
-4.86402
-4.68618
-4.45226
-4.15554
-3.79001
-3.35138
-2.83828
-2.25365
-1.60585
-0.909202
-0.18335
0.548532
1.26252
1.93689
2.55452
3.10407
3.58
3.9817
4.31215
4.57666
4.78168
4.93404
5.04039
5.10688
5.13903
5.14171
5.11912
5.07486
5.01201
4.93317
4.84056
4.73605
4.62123
-4.62758
-4.76025
-4.88475
-4.99978
-5.10382
-5.19503
-5.27123
-5.32979
-5.36758
-5.38086
-5.36517
-5.31522
-5.22482
-5.08686
-4.89333
-4.63561
-4.30497
-3.89351
-3.3956
-2.8097
-2.14042
1.77807
2.4849
3.11353
3.65558
4.10977
4.47993
4.77305
4.99757
5.16227
5.2755
5.34484
5.37695
5.37755
5.3515
5.30289
5.23516
5.15116
5.05328
4.94354
4.8236
4.69487
-4.67858
-4.82344
-4.96152
-5.09171
-5.2127
-5.32289
-5.42037
-5.50281
-5.56738
-5.61064
-5.6284
-5.61556
-5.56596
-5.47221
-5.32558
-5.11601
-4.83238
-4.46315
-3.99769
3.72631
4.24303
4.65917
4.98418
5.22934
5.4061
5.52512
5.59578
5.62616
5.623
5.59192
5.53753
5.46364
5.37336
5.26926
5.15345
5.02767
4.89339
4.75179
-4.86906
-5.01947
-5.1635
-5.30005
-5.42779
-5.54509
-5.64998
-5.74001
-5.81216
-5.86269
-5.88695
-5.87916
-5.83214
-5.73706
-5.58315
-5.35767
-5.04601
4.853
5.21358
5.48023
5.66821
5.79123
5.86107
5.88748
5.87844
5.84039
5.77853
5.69702
5.59923
5.48786
5.36511
5.23279
5.09235
4.945
4.79174
-4.89704
-5.05843
-5.21481
-5.36531
-5.50885
-5.64414
-5.76954
-5.88305
-5.98215
-6.06367
-6.1236
-6.15685
-6.15691
-6.11548
-6.02201
-5.86324
-5.62278
5.75437
5.95174
6.07601
6.14198
6.1615
6.14393
6.09663
6.02533
5.93458
5.82792
5.70819
5.57762
5.43802
5.29085
5.13729
4.97831
4.81469
-4.90756
-5.07849
-5.24564
-5.40833
-5.56575
-5.71689
-5.86049
-5.99497
-6.11835
-6.2281
-6.32097
-6.39274
-6.43794
-6.44938
-6.41755
-6.32997
-6.17023
6.26032
6.38165
6.43957
6.44841
6.41907
6.3598
6.27688
6.17511
6.05819
5.92898
5.78972
5.64218
5.48776
5.32759
5.16257
4.99346
-4.90106
-5.08007
-5.25634
-5.4294
-5.59864
-5.76333
-5.92255
-6.07513
-6.2196
-6.35406
-6.47606
-6.58235
-6.66868
-6.72929
-6.75643
-6.73947
6.71007
6.75427
6.74763
6.70263
6.62833
6.5314
6.4168
6.28822
6.14849
5.99976
5.84369
5.68161
5.51454
5.3433
5.16857
4.99088
-5.0638
-5.24757
-5.42916
-5.60814
-5.78402
-5.95617
-6.12378
-6.28583
-6.44101
-6.58759
-6.7233
-6.84508
-6.94878
-7.02865
-7.07661
7.08521
7.05724
6.99213
6.89951
6.78616
6.65697
6.5155
6.36437
6.20557
6.0406
5.87061
5.69651
5.519
5.33866
5.15594
4.97119
-5.03054
-5.22024
-5.40857
-5.59526
-5.77999
-5.96238
-6.14191
-6.31794
-6.48964
-6.65592
-6.81532
-6.96588
-7.1049
-7.22862
-7.33163
7.37304
7.28313
7.16896
7.03704
6.89185
6.73659
6.57354
6.4044
6.23041
6.05254
5.87151
5.68789
5.50214
5.31459
5.12555
-4.98129
-5.17545
-5.36883
-5.5613
-5.75267
-5.94273
-6.13119
-6.3177
-6.50179
-6.68286
-6.86009
-7.03239
-7.19824
-7.35552
-7.50115
-7.6306
7.56826
7.43003
7.27812
7.11624
6.94694
6.77201
6.59275
6.41008
6.22471
6.03718
5.84788
5.65714
5.46519
5.27225
5.07846
-5.11445
-5.31134
-5.50781
-5.70377
-5.89913
-6.09376
-6.28748
-6.4801
-6.67134
-6.86083
-7.04807
-7.23238
-7.41281
-7.58795
-7.75575
7.67293
7.50115
7.32316
7.14064
6.95477
6.76633
6.57591
6.38395
6.19074
5.99654
5.80154
5.60586
5.40963
5.21294
5.01586
-5.03857
-5.23759
-5.43648
-5.63521
-5.83375
-6.03207
-6.23011
-6.42782
-6.6251
-6.82185
-7.01792
-7.21311
-7.40714
-7.59959
-7.78986
7.88391
7.69505
7.50359
7.31029
7.11564
6.91998
6.72355
6.52652
6.32901
6.13113
5.93294
5.73451
5.53586
5.33705
5.1381
-5.14914
-5.34906
-5.54898
-5.74888
-5.94877
-6.14863
-6.34848
-6.5483
-6.74808
-6.94782
-7.14751
-7.34712
-7.54663
-7.746
-7.94518
7.84562
7.64633
7.44689
7.24732
7.04767
6.84796
6.6482
6.44839
6.24856
6.0487
5.84882
5.64893
5.44902
5.2491
5.04917
-5.04755
-5.24734
-5.4471
-5.64683
-5.84652
-6.04616
-6.24574
-6.44524
-6.64466
-6.84396
-7.04311
-7.24207
-7.44078
-7.63915
-7.83704
7.93575
7.73817
7.54002
7.34147
7.14262
6.94356
6.74432
6.54496
6.3455
6.14595
5.94634
5.74668
5.54697
5.34723
5.14745
-5.13305
-5.33156
-5.52987
-5.72794
-5.92572
-6.12314
-6.32013
-6.51658
-6.71237
-6.9073
-7.10114
-7.29356
-7.48406
-7.67196
-7.85621
7.76463
7.57839
7.38908
7.19756
7.00438
6.80995
6.61457
6.41843
6.22169
6.02448
5.82687
5.62894
5.43075
5.23233
5.03373
-5.00784
-5.20424
-5.40016
-5.59551
-5.79018
-5.98403
-6.17689
-6.36852
-6.55864
-6.74686
-6.93265
-7.11532
-7.29387
-7.46692
-7.63243
-7.78735
7.71146
7.55078
7.3812
7.20518
7.02443
6.84009
6.65302
6.46379
6.27288
6.0806
5.88722
5.69294
5.49792
5.30227
5.1061
-5.0669
-5.2597
-5.45152
-5.64219
-5.83147
-6.01909
-6.20467
-6.38775
-6.56772
-6.74379
-6.91489
-7.07954
-7.23572
-7.38057
-7.50989
7.5669
7.4475
7.30979
7.15885
6.99813
6.83004
6.65631
6.47817
6.29655
6.11216
5.92551
5.73702
5.54702
5.35575
5.16341
4.97019
-5.11031
-5.29805
-5.48411
-5.66818
-5.84986
-6.02867
-6.20396
-6.37495
-6.54057
-6.69944
-6.84973
-6.98893
-7.11358
-7.21884
-7.29773
7.32428
7.26213
7.16901
7.05334
6.92091
6.7758
6.62095
6.4585
6.29005
6.1168
5.93966
5.75934
5.57641
5.3913
5.20437
5.0159
-4.95363
-5.13693
-5.31802
-5.49652
-5.67192
-5.84363
-6.01087
-6.17267
-6.3278
-6.47463
-6.61105
-6.73428
-6.84054
-6.9247
-6.97966
-6.99545
6.98446
6.99322
6.95637
6.88577
6.78982
6.67453
6.5443
6.40237
6.25116
6.09252
5.92786
5.75828
5.58464
5.40762
5.22777
5.04553
-4.96978
-5.14574
-5.31853
-5.48757
-5.65216
-5.81141
-5.96425
-6.10928
-6.24474
-6.36838
-6.47725
-6.5675
-6.63401
-6.66993
-6.66602
-6.60973
6.55683
6.64536
6.67364
6.6563
6.6041
6.52499
6.42488
6.30821
6.17833
6.03784
5.88871
5.73251
5.57047
5.40356
5.23257
5.05813
4.88076
-4.96883
-5.13594
-5.29872
-5.45638
-5.60796
-5.7523
-5.88793
-6.013
-6.12521
-6.22158
-6.29834
-6.35058
-6.37193
-6.35408
-6.28618
-6.15411
6.05852
6.22919
6.32718
6.36851
6.36558
6.32788
6.26269
6.17559
6.07088
5.95192
5.82131
5.68112
5.533
5.37824
5.21792
5.05289
4.88385
-4.7886
-4.9502
-5.10695
-5.25801
-5.4024
-5.53887
-5.66593
-5.78173
-5.88395
-5.96972
-6.03541
-6.07644
-6.08704
-6.05988
-5.98569
-5.85288
-5.64717
-5.35151
5.51175
5.76014
5.92744
6.02933
6.07871
6.08597
6.05934
6.00533
5.9291
5.8347
5.72537
5.60368
5.47171
5.33111
5.18325
5.02923
4.86996
-4.76248
-4.91354
-5.05844
-5.19618
-5.3255
-5.44491
-5.55257
-5.64625
-5.72319
-5.78001
-5.81251
-5.81551
-5.78262
-5.70601
-5.57616
-5.38176
-5.10978
-4.74602
4.52526
4.94028
5.25634
5.48781
5.6484
5.75033
5.804
5.81806
5.79959
5.75436
5.68701
5.60132
5.50034
5.38655
5.26198
5.12828
4.98682
4.83872
-4.71951
-4.85875
-4.99044
-5.11335
-5.22602
-5.32667
-5.41315
-5.48289
-5.53276
-5.55896
-5.55689
-5.52103
-5.44476
-5.32025
-5.13849
-4.88936
-4.56219
-4.14668
-3.63451
3.34071
3.90305
4.36607
4.7362
5.02301
5.23714
5.38907
5.48841
5.54357
5.56178
5.54908
5.51053
5.4503
5.37183
5.27797
5.17107
5.05308
4.92561
4.79001
-4.65976
-4.78602
-4.90327
-5.01007
-5.10475
-5.18528
-5.24925
-5.29382
-5.31557
-5.31046
-5.2737
-5.1997
-5.08202
-4.91339
-4.68588
-4.3913
-4.0219
-3.5715
-3.03702
-2.4203
-1.72976
-0.981371
-0.198086
0.592434
1.36151
2.08344
2.73858
3.31479
3.80711
4.21639
4.54748
4.80751
5.00456
5.14676
5.24174
5.29636
5.31665
5.30779
5.27416
5.2195
5.14692
5.05905
4.95808
4.84586
4.72394
4.59364
-4.58356
-4.69584
-4.79761
-4.88728
-4.96295
-5.02241
-5.06308
-5.08189
-5.0753
-5.03919
-4.96882
-4.85884
-4.70336
-4.49606
-4.23057
-3.90093
-3.50244
-3.03265
-2.49257
-1.88786
-1.22955
-0.533949
0.178458
0.885204
1.5645
2.19773
2.77116
3.27649
3.71052
4.0741
4.37098
4.60659
4.78717
4.91914
5.0086
5.06122
5.08202
5.07542
5.04527
4.99486
4.92699
4.84407
4.74814
4.64092
4.52391
-4.49148
-4.58898
-4.67449
-4.74628
-4.8023
-4.84023
-4.85733
-4.8505
-4.81617
-4.75033
-4.64852
-4.5059
-4.31741
-4.07798
-3.78297
-3.42871
-3.01323
-2.53706
-2.00409
-1.4221
-0.802891
-0.161708
0.483988
1.11627
1.71858
2.27729
2.78257
3.22866
3.61342
3.93768
4.20437
4.41771
4.58262
4.70421
4.78746
4.83701
4.85712
4.85157
4.82369
4.7764
4.71222
4.63334
4.54163
4.43871
-4.38436
-4.4665
-4.53524
-4.58874
-4.62488
-4.64126
-4.63513
-4.60342
-4.5427
-4.44924
-4.31904
-4.14798
-3.932
-3.66741
-3.3513
-2.98204
-2.55991
-2.08762
-1.57076
-1.018
-0.440817
0.147245
0.731654
1.29821
1.83429
2.32976
2.77748
3.17335
3.51593
3.80599
4.04585
4.23888
4.38899
4.50031
4.57691
4.62268
4.64119
4.6357
4.60912
4.56402
4.50265
4.427
4.33879
-4.26327
-4.3297
-4.38144
-4.4166
-4.43303
-4.42833
-4.39983
-4.34461
-4.2595
-4.14118
-3.98627
-3.79147
-3.55379
-3.27091
-2.94148
-2.56559
-2.14516
-1.68431
-1.18948
-0.669407
-0.134632
0.403143
0.931979
1.44065
1.91944
2.36074
2.75927
3.11205
3.41812
3.67815
3.89405
4.06851
4.2047
4.30599
4.37575
4.41724
4.43349
4.4273
4.40122
4.35752
4.29821
4.22509
-4.12947
-4.18011
-4.21493
-4.23204
-4.22932
-4.20445
-4.15491
-4.07803
-3.97102
-3.83107
-3.65546
-3.44178
-3.18811
-2.89333
-2.55742
-2.18177
-1.76943
-1.3253
-0.856059
-0.369979
0.123535
0.614556
1.09333
1.55096
1.97993
2.37441
2.73047
3.04589
3.32004
3.55352
3.74788
3.90534
4.02847
4.12006
4.18292
4.2198
4.2333
4.22583
4.19961
4.15665
4.09876
-3.98439
-4.01941
-4.03769
-4.03736
-4.01639
-3.97263
-3.90378
-3.80749
-3.68141
-3.52328
-3.33111
-3.10332
-2.83896
-2.53794
-2.20128
-1.83129
-1.4317
-1.00772
-0.56586
-0.113696
0.340562
0.788572
1.22238
1.6349
2.02025
2.37396
2.693
2.97574
3.22174
3.43156
3.60648
3.74832
3.85921
3.94149
3.9975
4.02958
4.03997
4.03076
4.00389
3.96114
-3.82961
-3.84943
-3.85179
-3.83491
-3.79692
-3.73585
-3.6497
-3.53649
-3.39433
-3.22156
-3.01686
-2.77941
-2.5091
-2.20667
-1.87388
-1.51364
-1.13002
-0.728195
-0.314292
0.104912
0.522342
0.931019
1.32445
1.69697
2.04392
2.36181
2.64834
2.90225
3.12326
3.31187
3.46914
3.5966
3.69604
3.76939
3.81867
3.84587
3.8529
3.8416
-3.66677
-3.67203
-3.65934
-3.62706
-3.57349
-3.49693
-3.39568
-3.26817
-3.11297
-2.92898
-2.71552
-2.47243
-2.20026
-1.90038
-1.57506
-1.22752
-0.861918
-0.483219
-0.0970236
0.29069
0.673867
1.04668
1.40383
1.74072
2.05366
2.33991
2.59766
2.82596
3.02463
3.1941
3.3353
3.4495
3.53819
3.60304
3.64575
3.66803
3.67155
-3.48909
-3.46241
-3.41606
-3.34855
-3.25845
-3.14439
-3.0052
-2.83991
-2.64794
-2.42914
-2.1839
-1.91329
-1.61912
-1.30395
-0.971132
-0.624727
-0.269369
0.0898992
0.447859
0.79935
1.13951
1.46397
1.76901
2.05167
2.30977
2.54189
2.74729
2.92586
3.078
3.20449
3.30641
3.38504
3.44179
3.47812
3.49551
-3.30244
-3.263
-3.20405
-3.12433
-3.0227
-2.89813
-2.74981
-2.57723
-2.38022
-2.15908
-1.91467
-1.6484
-1.36235
-1.05926
-0.742438
-0.415746
-0.0834333
0.250015
0.580067
0.902334
1.21274
1.50769
1.78415
2.03971
2.27263
2.48177
2.66657
2.82698
2.96334
3.07632
3.16686
3.23605
3.28508
-3.06298
-2.99297
-2.90283
-2.79168
-2.65882
-2.5038
-2.32645
-2.12702
-1.90614
-1.665
-1.40526
-1.12915
-0.83943
-0.539306
-0.232367
0.0775386
0.386452
0.690451
0.985802
1.26909
1.53732
1.78801
2.0192
2.22947
2.41791
2.5841
2.728
2.84993
2.95047
3.03043
3.09074
-2.86404
-2.78456
-2.68577
-2.56706
-2.42802
-2.26851
-2.08869
-1.88909
-1.67065
-1.43474
-1.18321
-0.918323
-0.642783
-0.359623
-0.0721427
0.21621
0.501954
0.781702
1.05227
1.31079
1.55477
1.78215
1.99131
2.18111
2.35082
2.50009
2.62893
2.73762
2.82667
-2.58033
-2.47461
-2.35019
-2.20691
-2.04492
-1.86462
-1.66679
-1.45255
-1.22344
-0.981345
-0.728542
-0.467603
-0.201361
0.0671848
0.334961
0.598917
0.856128
1.10388
1.33974
1.56163
1.76783
1.95702
2.12824
2.2809
2.41475
2.52979
-2.27055
-2.14213
-1.99639
-1.83368
-1.65462
-1.46015
-1.25155
-1.0304
-0.798627
-0.55842
-0.312213
-0.0626137
0.18767
0.435907
0.679431
0.915711
1.14243
1.35752
1.55924
1.74614
1.91713
2.07141
2.20852
-1.79705
-1.63515
-1.45877
-1.26898
-1.06712
-0.854808
-0.633927
-0.40657
-0.175005
0.0583857
0.291166
0.52092
0.745313
0.962157
1.16946
1.36548
1.54871
1.71797
1.87231
-1.27697
-1.0929
-0.898618
-0.695749
-0.486097
-0.271636
-0.0544638
0.163255
0.379339
0.591651
0.798149
0.996937
1.1863
1.36475
-0.552271
-0.353995
-0.152324
0.0508157
0.253465
0.453675
