-4.9134
-4.9134
-4.9134
-4.9134
-4.9134
-4.9134
-4.9134
-4.9134
-4.9134
-4.74019
-4.74019
-4.74019
-4.74019
-4.74019
-4.74019
-4.74019
-4.74019
-4.74019
-4.74019
-4.74019
-4.74019
-4.74019
-4.74019
-4.74019
-4.74019
-4.56699
-4.56699
-4.56699
-4.56699
-4.56699
-4.56699
-4.56699
-4.56699
-4.56699
-4.56699
-4.56699
-4.56699
-4.56699
-4.56699
-4.56699
-4.56699
-4.56699
-4.56699
-4.56699
-4.56699
-4.39378
-4.39378
-4.39378
-4.39378
-4.39378
-4.39378
-4.39378
-4.39378
-4.39378
-4.39378
-4.39378
-4.39378
-4.39378
-4.39378
-4.39378
-4.39378
-4.39378
-4.39378
-4.39378
-4.39378
-4.39378
-4.39378
-4.39378
-4.39378
-4.22058
-4.22058
-4.22058
-4.22058
-4.22058
-4.22058
-4.22058
-4.22058
-4.22058
-4.22058
-4.22058
-4.22058
-4.22058
-4.22058
-4.22058
-4.22058
-4.22058
-4.22058
-4.22058
-4.22058
-4.22058
-4.22058
-4.22058
-4.22058
-4.22058
-4.22058
-4.22058
-4.04737
-4.04737
-4.04737
-4.04737
-4.04737
-4.04737
-4.04737
-4.04737
-4.04737
-4.04737
-4.04737
-4.04737
-4.04737
-4.04737
-4.04737
-4.04737
-4.04737
-4.04737
-4.04737
-4.04737
-4.04737
-4.04737
-4.04737
-4.04737
-4.04737
-4.04737
-4.04737
-4.04737
-4.04737
-3.87417
-3.87417
-3.87417
-3.87417
-3.87417
-3.87417
-3.87417
-3.87417
-3.87417
-3.87417
-3.87417
-3.87417
-3.87417
-3.87417
-3.87417
-3.87417
-3.87417
-3.87417
-3.87417
-3.87417
-3.87417
-3.87417
-3.87417
-3.87417
-3.87417
-3.87417
-3.87417
-3.87417
-3.87417
-3.87417
-3.87417
-3.87417
-3.70096
-3.70096
-3.70096
-3.70096
-3.70096
-3.70096
-3.70096
-3.70096
-3.70096
-3.70096
-3.70096
-3.70096
-3.70096
-3.70096
-3.70096
-3.70096
-3.70096
-3.70096
-3.70096
-3.70096
-3.70096
-3.70096
-3.70096
-3.70096
-3.70096
-3.70096
-3.70096
-3.70096
-3.70096
-3.70096
-3.70096
-3.70096
-3.70096
-3.70096
-3.52776
-3.52776
-3.52776
-3.52776
-3.52776
-3.52776
-3.52776
-3.52776
-3.52776
-3.52776
-3.52776
-3.52776
-3.52776
-3.52776
-3.52776
-3.52776
-3.52776
-3.52776
-3.52776
-3.52776
-3.52776
-3.52776
-3.52776
-3.52776
-3.52776
-3.52776
-3.52776
-3.52776
-3.52776
-3.52776
-3.52776
-3.52776
-3.52776
-3.52776
-3.52776
-3.35455
-3.35455
-3.35455
-3.35455
-3.35455
-3.35455
-3.35455
-3.35455
-3.35455
-3.35455
-3.35455
-3.35455
-3.35455
-3.35455
-3.35455
-3.35455
-3.35455
-3.35455
-3.35455
-3.35455
-3.35455
-3.35455
-3.35455
-3.35455
-3.35455
-3.35455
-3.35455
-3.35455
-3.35455
-3.35455
-3.35455
-3.35455
-3.35455
-3.35455
-3.35455
-3.35455
-3.35455
-3.18135
-3.18135
-3.18135
-3.18135
-3.18135
-3.18135
-3.18135
-3.18135
-3.18135
-3.18135
-3.18135
-3.18135
-3.18135
-3.18135
-3.18135
-3.18135
-3.18135
-3.18135
-3.18135
-3.18135
-3.18135
-3.18135
-3.18135
-3.18135
-3.18135
-3.18135
-3.18135
-3.18135
-3.18135
-3.18135
-3.18135
-3.18135
-3.18135
-3.18135
-3.18135
-3.18135
-3.18135
-3.18135
-3.18135
-3.00814
-3.00814
-3.00814
-3.00814
-3.00814
-3.00814
-3.00814
-3.00814
-3.00814
-3.00814
-3.00814
-3.00814
-3.00814
-3.00814
-3.00814
-3.00814
-3.00814
-3.00814
-3.00814
-3.00814
-3.00814
-3.00814
-3.00814
-3.00814
-3.00814
-3.00814
-3.00814
-3.00814
-3.00814
-3.00814
-3.00814
-3.00814
-3.00814
-3.00814
-3.00814
-3.00814
-3.00814
-3.00814
-3.00814
-3.00814
-2.83494
-2.83494
-2.83494
-2.83494
-2.83494
-2.83494
-2.83494
-2.83494
-2.83494
-2.83494
-2.83494
-2.83494
-2.83494
-2.83494
-2.83494
-2.83494
-2.83494
-2.83494
-2.83494
-2.83494
-2.83494
-2.83494
-2.83494
-2.83494
-2.83494
-2.83494
-2.83494
-2.83494
-2.83494
-2.83494
-2.83494
-2.83494
-2.83494
-2.83494
-2.83494
-2.83494
-2.83494
-2.83494
-2.83494
-2.83494
-2.83494
-2.66173
-2.66173
-2.66173
-2.66173
-2.66173
-2.66173
-2.66173
-2.66173
-2.66173
-2.66173
-2.66173
-2.66173
-2.66173
-2.66173
-2.66173
-2.66173
-2.66173
-2.66173
-2.66173
-2.66173
-2.66173
-2.66173
-2.66173
-2.66173
-2.66173
-2.66173
-2.66173
-2.66173
-2.66173
-2.66173
-2.66173
-2.66173
-2.66173
-2.66173
-2.66173
-2.66173
-2.66173
-2.66173
-2.66173
-2.66173
-2.66173
-2.66173
-2.48853
-2.48853
-2.48853
-2.48853
-2.48853
-2.48853
-2.48853
-2.48853
-2.48853
-2.48853
-2.48853
-2.48853
-2.48853
-2.48853
-2.48853
-2.48853
-2.48853
-2.48853
-2.48853
-2.48853
-2.48853
-2.48853
-2.48853
-2.48853
-2.48853
-2.48853
-2.48853
-2.48853
-2.48853
-2.48853
-2.48853
-2.48853
-2.48853
-2.48853
-2.48853
-2.48853
-2.48853
-2.48853
-2.48853
-2.48853
-2.48853
-2.48853
-2.48853
-2.31532
-2.31532
-2.31532
-2.31532
-2.31532
-2.31532
-2.31532
-2.31532
-2.31532
-2.31532
-2.31532
-2.31532
-2.31532
-2.31532
-2.31532
-2.31532
-2.31532
-2.31532
-2.31532
-2.31532
-2.31532
-2.31532
-2.31532
-2.31532
-2.31532
-2.31532
-2.31532
-2.31532
-2.31532
-2.31532
-2.31532
-2.31532
-2.31532
-2.31532
-2.31532
-2.31532
-2.31532
-2.31532
-2.31532
-2.31532
-2.31532
-2.31532
-2.31532
-2.31532
-2.14212
-2.14212
-2.14212
-2.14212
-2.14212
-2.14212
-2.14212
-2.14212
-2.14212
-2.14212
-2.14212
-2.14212
-2.14212
-2.14212
-2.14212
-2.14212
-2.14212
-2.14212
-2.14212
-2.14212
-2.14212
-2.14212
-2.14212
-2.14212
-2.14212
-2.14212
-2.14212
-2.14212
-2.14212
-2.14212
-2.14212
-2.14212
-2.14212
-2.14212
-2.14212
-2.14212
-2.14212
-2.14212
-2.14212
-2.14212
-2.14212
-2.14212
-2.14212
-2.14212
-2.14212
-1.96891
-1.96891
-1.96891
-1.96891
-1.96891
-1.96891
-1.96891
-1.96891
-1.96891
-1.96891
-1.96891
-1.96891
-1.96891
-1.96891
-1.96891
-1.96891
-1.96891
-1.96891
-1.96891
-1.96891
-1.96891
-1.96891
-1.96891
-1.96891
-1.96891
-1.96891
-1.96891
-1.96891
-1.96891
-1.96891
-1.96891
-1.96891
-1.96891
-1.96891
-1.96891
-1.96891
-1.96891
-1.96891
-1.96891
-1.96891
-1.96891
-1.96891
-1.96891
-1.96891
-1.96891
-1.96891
-1.79571
-1.79571
-1.79571
-1.79571
-1.79571
-1.79571
-1.79571
-1.79571
-1.79571
-1.79571
-1.79571
-1.79571
-1.79571
-1.79571
-1.79571
-1.79571
-1.79571
-1.79571
-1.79571
-1.79571
-1.79571
-1.79571
-1.79571
-1.79571
-1.79571
-1.79571
-1.79571
-1.79571
-1.79571
-1.79571
-1.79571
-1.79571
-1.79571
-1.79571
-1.79571
-1.79571
-1.79571
-1.79571
-1.79571
-1.79571
-1.79571
-1.79571
-1.79571
-1.79571
-1.79571
-1.79571
-1.79571
-1.6225
-1.6225
-1.6225
-1.6225
-1.6225
-1.6225
-1.6225
-1.6225
-1.6225
-1.6225
-1.6225
-1.6225
-1.6225
-1.6225
-1.6225
-1.6225
-1.6225
-1.6225
-1.6225
-1.6225
-1.6225
-1.6225
-1.6225
-1.6225
-1.6225
-1.6225
-1.6225
-1.6225
-1.6225
-1.6225
-1.6225
-1.6225
-1.6225
-1.6225
-1.6225
-1.6225
-1.6225
-1.6225
-1.6225
-1.6225
-1.6225
-1.6225
-1.6225
-1.6225
-1.6225
-1.6225
-1.6225
-1.4493
-1.4493
-1.4493
-1.4493
-1.4493
-1.4493
-1.4493
-1.4493
-1.4493
-1.4493
-1.4493
-1.4493
-1.4493
-1.4493
-1.4493
-1.4493
-1.4493
-1.4493
-1.4493
-1.4493
-1.4493
-1.4493
-1.4493
-1.4493
-1.4493
-1.4493
-1.4493
-1.4493
-1.4493
-1.4493
-1.4493
-1.4493
-1.4493
-1.4493
-1.4493
-1.4493
-1.4493
-1.4493
-1.4493
-1.4493
-1.4493
-1.4493
-1.4493
-1.4493
-1.4493
-1.4493
-1.4493
-1.4493
-1.27609
-1.27609
-1.27609
-1.27609
-1.27609
-1.27609
-1.27609
-1.27609
-1.27609
-1.27609
-1.27609
-1.27609
-1.27609
-1.27609
-1.27609
-1.27609
-1.27609
-1.27609
-1.27609
-1.27609
-1.27609
-1.27609
-1.27609
-1.27609
-1.27609
-1.27609
-1.27609
-1.27609
-1.27609
-1.27609
-1.27609
-1.27609
-1.27609
-1.27609
-1.27609
-1.27609
-1.27609
-1.27609
-1.27609
-1.27609
-1.27609
-1.27609
-1.27609
-1.27609
-1.27609
-1.27609
-1.27609
-1.27609
-1.10289
-1.10289
-1.10289
-1.10289
-1.10289
-1.10289
-1.10289
-1.10289
-1.10289
-1.10289
-1.10289
-1.10289
-1.10289
-1.10289
-1.10289
-1.10289
-1.10289
-1.10289
-1.10289
-1.10289
-1.10289
-1.10289
-1.10289
-1.10289
-1.10289
-1.10289
-1.10289
-1.10289
-1.10289
-1.10289
-1.10289
-1.10289
-1.10289
-1.10289
-1.10289
-1.10289
-1.10289
-1.10289
-1.10289
-1.10289
-1.10289
-1.10289
-1.10289
-1.10289
-1.10289
-1.10289
-1.10289
-1.10289
-1.10289
-0.929681
-0.929681
-0.929681
-0.929681
-0.929681
-0.929681
-0.929681
-0.929681
-0.929681
-0.929681
-0.929681
-0.929681
-0.929681
-0.929681
-0.929681
-0.929681
-0.929681
-0.929681
-0.929681
-0.929681
-0.929681
-0.929681
-0.929681
-0.929681
-0.929681
-0.929681
-0.929681
-0.929681
-0.929681
-0.929681
-0.929681
-0.929681
-0.929681
-0.929681
-0.929681
-0.929681
-0.929681
-0.929681
-0.929681
-0.929681
-0.929681
-0.929681
-0.929681
-0.929681
-0.929681
-0.929681
-0.929681
-0.929681
-0.929681
-0.756476
-0.756476
-0.756476
-0.756476
-0.756476
-0.756476
-0.756476
-0.756476
-0.756476
-0.756476
-0.756476
-0.756476
-0.756476
-0.756476
-0.756476
-0.756476
-0.756476
-0.756476
-0.756476
-0.756476
-0.756476
-0.756476
-0.756476
-0.756476
-0.756476
-0.756476
-0.756476
-0.756476
-0.756476
-0.756476
-0.756476
-0.756476
-0.756476
-0.756476
-0.756476
-0.756476
-0.756476
-0.756476
-0.756476
-0.756476
-0.756476
-0.756476
-0.756476
-0.756476
-0.756476
-0.756476
-0.756476
-0.756476
-0.756476
-0.58327
-0.58327
-0.58327
-0.58327
-0.58327
-0.58327
-0.58327
-0.58327
-0.58327
-0.58327
-0.58327
-0.58327
-0.58327
-0.58327
-0.58327
-0.58327
-0.58327
-0.58327
-0.58327
-0.58327
-0.58327
-0.58327
-0.58327
-0.58327
-0.58327
-0.58327
-0.58327
-0.58327
-0.58327
-0.58327
-0.58327
-0.58327
-0.58327
-0.58327
-0.58327
-0.58327
-0.58327
-0.58327
-0.58327
-0.58327
-0.58327
-0.58327
-0.58327
-0.58327
-0.58327
-0.58327
-0.58327
-0.58327
-0.58327
-0.58327
-0.410065
-0.410065
-0.410065
-0.410065
-0.410065
-0.410065
-0.410065
-0.410065
-0.410065
-0.410065
-0.410065
-0.410065
-0.410065
-0.410065
-0.410065
-0.410065
-0.410065
-0.410065
-0.410065
-0.410065
-0.410065
-0.410065
-0.410065
-0.410065
-0.410065
-0.410065
-0.410065
-0.410065
-0.410065
-0.410065
-0.410065
-0.410065
-0.410065
-0.410065
-0.410065
-0.410065
-0.410065
-0.410065
-0.410065
-0.410065
-0.410065
-0.410065
-0.410065
-0.410065
-0.410065
-0.410065
-0.410065
-0.410065
-0.410065
-0.410065
-0.23686
-0.23686
-0.23686
-0.23686
-0.23686
-0.23686
-0.23686
-0.23686
-0.23686
-0.23686
-0.23686
-0.23686
-0.23686
-0.23686
-0.23686
-0.23686
-0.23686
-0.23686
-0.23686
-0.23686
-0.23686
-0.23686
-0.23686
-0.23686
-0.23686
-0.23686
-0.23686
-0.23686
-0.23686
-0.23686
-0.23686
-0.23686
-0.23686
-0.23686
-0.23686
-0.23686
-0.23686
-0.23686
-0.23686
-0.23686
-0.23686
-0.23686
-0.23686
-0.23686
-0.23686
-0.23686
-0.23686
-0.23686
-0.23686
-0.23686
-0.0636552
-0.0636552
-0.0636552
-0.0636552
-0.0636552
-0.0636552
-0.0636552
-0.0636552
-0.0636552
-0.0636552
-0.0636552
-0.0636552
-0.0636552
-0.0636552
-0.0636552
-0.0636552
-0.0636552
-0.0636552
-0.0636552
-0.0636552
-0.0636552
-0.0636552
-0.0636552
-0.0636552
-0.0636552
-0.0636552
-0.0636552
-0.0636552
-0.0636552
-0.0636552
-0.0636552
-0.0636552
-0.0636552
-0.0636552
-0.0636552
-0.0636552
-0.0636552
-0.0636552
-0.0636552
-0.0636552
-0.0636552
-0.0636552
-0.0636552
-0.0636552
-0.0636552
-0.0636552
-0.0636552
-0.0636552
-0.0636552
-0.0636552
0.10955
0.10955
0.10955
0.10955
0.10955
0.10955
0.10955
0.10955
0.10955
0.10955
0.10955
0.10955
0.10955
0.10955
0.10955
0.10955
0.10955
0.10955
0.10955
0.10955
0.10955
0.10955
0.10955
0.10955
0.10955
0.10955
0.10955
0.10955
0.10955
0.10955
0.10955
0.10955
0.10955
0.10955
0.10955
0.10955
0.10955
0.10955
0.10955
0.10955
0.10955
0.10955
0.10955
0.10955
0.10955
0.10955
0.10955
0.10955
0.10955
0.10955
0.282755
0.282755
0.282755
0.282755
0.282755
0.282755
0.282755
0.282755
0.282755
0.282755
0.282755
0.282755
0.282755
0.282755
0.282755
0.282755
0.282755
0.282755
0.282755
0.282755
0.282755
0.282755
0.282755
0.282755
0.282755
0.282755
0.282755
0.282755
0.282755
0.282755
0.282755
0.282755
0.282755
0.282755
0.282755
0.282755
0.282755
0.282755
0.282755
0.282755
0.282755
0.282755
0.282755
0.282755
0.282755
0.282755
0.282755
0.282755
0.282755
0.282755
0.45596
0.45596
0.45596
0.45596
0.45596
0.45596
0.45596
0.45596
0.45596
0.45596
0.45596
0.45596
0.45596
0.45596
0.45596
0.45596
0.45596
0.45596
0.45596
0.45596
0.45596
0.45596
0.45596
0.45596
0.45596
0.45596
0.45596
0.45596
0.45596
0.45596
0.45596
0.45596
0.45596
0.45596
0.45596
0.45596
0.45596
0.45596
0.45596
0.45596
0.45596
0.45596
0.45596
0.45596
0.45596
0.45596
0.45596
0.45596
0.45596
0.45596
0.629165
0.629165
0.629165
0.629165
0.629165
0.629165
0.629165
0.629165
0.629165
0.629165
0.629165
0.629165
0.629165
0.629165
0.629165
0.629165
0.629165
0.629165
0.629165
0.629165
0.629165
0.629165
0.629165
0.629165
0.629165
0.629165
0.629165
0.629165
0.629165
0.629165
0.629165
0.629165
0.629165
0.629165
0.629165
0.629165
0.629165
0.629165
0.629165
0.629165
0.629165
0.629165
0.629165
0.629165
0.629165
0.629165
0.629165
0.629165
0.629165
0.629165
0.80237
0.80237
0.80237
0.80237
0.80237
0.80237
0.80237
0.80237
0.80237
0.80237
0.80237
0.80237
0.80237
0.80237
0.80237
0.80237
0.80237
0.80237
0.80237
0.80237
0.80237
0.80237
0.80237
0.80237
0.80237
0.80237
0.80237
0.80237
0.80237
0.80237
0.80237
0.80237
0.80237
0.80237
0.80237
0.80237
0.80237
0.80237
0.80237
0.80237
0.80237
0.80237
0.80237
0.80237
0.80237
0.80237
0.80237
0.80237
0.80237
0.975575
0.975575
0.975575
0.975575
0.975575
0.975575
0.975575
0.975575
0.975575
0.975575
0.975575
0.975575
0.975575
0.975575
0.975575
0.975575
0.975575
0.975575
0.975575
0.975575
0.975575
0.975575
0.975575
0.975575
0.975575
0.975575
0.975575
0.975575
0.975575
0.975575
0.975575
0.975575
0.975575
0.975575
0.975575
0.975575
0.975575
0.975575
0.975575
0.975575
0.975575
0.975575
0.975575
0.975575
0.975575
0.975575
0.975575
0.975575
0.975575
1.14878
1.14878
1.14878
1.14878
1.14878
1.14878
1.14878
1.14878
1.14878
1.14878
1.14878
1.14878
1.14878
1.14878
1.14878
1.14878
1.14878
1.14878
1.14878
1.14878
1.14878
1.14878
1.14878
1.14878
1.14878
1.14878
1.14878
1.14878
1.14878
1.14878
1.14878
1.14878
1.14878
1.14878
1.14878
1.14878
1.14878
1.14878
1.14878
1.14878
1.14878
1.14878
1.14878
1.14878
1.14878
1.14878
1.14878
1.14878
1.14878
1.32199
1.32199
1.32199
1.32199
1.32199
1.32199
1.32199
1.32199
1.32199
1.32199
1.32199
1.32199
1.32199
1.32199
1.32199
1.32199
1.32199
1.32199
1.32199
1.32199
1.32199
1.32199
1.32199
1.32199
1.32199
1.32199
1.32199
1.32199
1.32199
1.32199
1.32199
1.32199
1.32199
1.32199
1.32199
1.32199
1.32199
1.32199
1.32199
1.32199
1.32199
1.32199
1.32199
1.32199
1.32199
1.32199
1.32199
1.32199
1.49519
1.49519
1.49519
1.49519
1.49519
1.49519
1.49519
1.49519
1.49519
1.49519
1.49519
1.49519
1.49519
1.49519
1.49519
1.49519
1.49519
1.49519
1.49519
1.49519
1.49519
1.49519
1.49519
1.49519
1.49519
1.49519
1.49519
1.49519
1.49519
1.49519
1.49519
1.49519
1.49519
1.49519
1.49519
1.49519
1.49519
1.49519
1.49519
1.49519
1.49519
1.49519
1.49519
1.49519
1.49519
1.49519
1.49519
1.49519
1.6684
1.6684
1.6684
1.6684
1.6684
1.6684
1.6684
1.6684
1.6684
1.6684
1.6684
1.6684
1.6684
1.6684
1.6684
1.6684
1.6684
1.6684
1.6684
1.6684
1.6684
1.6684
1.6684
1.6684
1.6684
1.6684
1.6684
1.6684
1.6684
1.6684
1.6684
1.6684
1.6684
1.6684
1.6684
1.6684
1.6684
1.6684
1.6684
1.6684
1.6684
1.6684
1.6684
1.6684
1.6684
1.6684
1.6684
1.8416
1.8416
1.8416
1.8416
1.8416
1.8416
1.8416
1.8416
1.8416
1.8416
1.8416
1.8416
1.8416
1.8416
1.8416
1.8416
1.8416
1.8416
1.8416
1.8416
1.8416
1.8416
1.8416
1.8416
1.8416
1.8416
1.8416
1.8416
1.8416
1.8416
1.8416
1.8416
1.8416
1.8416
1.8416
1.8416
1.8416
1.8416
1.8416
1.8416
1.8416
1.8416
1.8416
1.8416
1.8416
1.8416
2.01481
2.01481
2.01481
2.01481
2.01481
2.01481
2.01481
2.01481
2.01481
2.01481
2.01481
2.01481
2.01481
2.01481
2.01481
2.01481
2.01481
2.01481
2.01481
2.01481
2.01481
2.01481
2.01481
2.01481
2.01481
2.01481
2.01481
2.01481
2.01481
2.01481
2.01481
2.01481
2.01481
2.01481
2.01481
2.01481
2.01481
2.01481
2.01481
2.01481
2.01481
2.01481
2.01481
2.01481
2.01481
2.01481
2.18801
2.18801
2.18801
2.18801
2.18801
2.18801
2.18801
2.18801
2.18801
2.18801
2.18801
2.18801
2.18801
2.18801
2.18801
2.18801
2.18801
2.18801
2.18801
2.18801
2.18801
2.18801
2.18801
2.18801
2.18801
2.18801
2.18801
2.18801
2.18801
2.18801
2.18801
2.18801
2.18801
2.18801
2.18801
2.18801
2.18801
2.18801
2.18801
2.18801
2.18801
2.18801
2.18801
2.18801
2.18801
2.36122
2.36122
2.36122
2.36122
2.36122
2.36122
2.36122
2.36122
2.36122
2.36122
2.36122
2.36122
2.36122
2.36122
2.36122
2.36122
2.36122
2.36122
2.36122
2.36122
2.36122
2.36122
2.36122
2.36122
2.36122
2.36122
2.36122
2.36122
2.36122
2.36122
2.36122
2.36122
2.36122
2.36122
2.36122
2.36122
2.36122
2.36122
2.36122
2.36122
2.36122
2.36122
2.36122
2.36122
2.53442
2.53442
2.53442
2.53442
2.53442
2.53442
2.53442
2.53442
2.53442
2.53442
2.53442
2.53442
2.53442
2.53442
2.53442
2.53442
2.53442
2.53442
2.53442
2.53442
2.53442
2.53442
2.53442
2.53442
2.53442
2.53442
2.53442
2.53442
2.53442
2.53442
2.53442
2.53442
2.53442
2.53442
2.53442
2.53442
2.53442
2.53442
2.53442
2.53442
2.53442
2.53442
2.53442
2.70763
2.70763
2.70763
2.70763
2.70763
2.70763
2.70763
2.70763
2.70763
2.70763
2.70763
2.70763
2.70763
2.70763
2.70763
2.70763
2.70763
2.70763
2.70763
2.70763
2.70763
2.70763
2.70763
2.70763
2.70763
2.70763
2.70763
2.70763
2.70763
2.70763
2.70763
2.70763
2.70763
2.70763
2.70763
2.70763
2.70763
2.70763
2.70763
2.70763
2.70763
2.70763
2.88083
2.88083
2.88083
2.88083
2.88083
2.88083
2.88083
2.88083
2.88083
2.88083
2.88083
2.88083
2.88083
2.88083
2.88083
2.88083
2.88083
2.88083
2.88083
2.88083
2.88083
2.88083
2.88083
2.88083
2.88083
2.88083
2.88083
2.88083
2.88083
2.88083
2.88083
2.88083
2.88083
2.88083
2.88083
2.88083
2.88083
2.88083
2.88083
2.88083
2.88083
3.05404
3.05404
3.05404
3.05404
3.05404
3.05404
3.05404
3.05404
3.05404
3.05404
3.05404
3.05404
3.05404
3.05404
3.05404
3.05404
3.05404
3.05404
3.05404
3.05404
3.05404
3.05404
3.05404
3.05404
3.05404
3.05404
3.05404
3.05404
3.05404
3.05404
3.05404
3.05404
3.05404
3.05404
3.05404
3.05404
3.05404
3.05404
3.05404
3.05404
3.22724
3.22724
3.22724
3.22724
3.22724
3.22724
3.22724
3.22724
3.22724
3.22724
3.22724
3.22724
3.22724
3.22724
3.22724
3.22724
3.22724
3.22724
3.22724
3.22724
3.22724
3.22724
3.22724
3.22724
3.22724
3.22724
3.22724
3.22724
3.22724
3.22724
3.22724
3.22724
3.22724
3.22724
3.22724
3.22724
3.22724
3.22724
3.40045
3.40045
3.40045
3.40045
3.40045
3.40045
3.40045
3.40045
3.40045
3.40045
3.40045
3.40045
3.40045
3.40045
3.40045
3.40045
3.40045
3.40045
3.40045
3.40045
3.40045
3.40045
3.40045
3.40045
3.40045
3.40045
3.40045
3.40045
3.40045
3.40045
3.40045
3.40045
3.40045
3.40045
3.40045
3.40045
3.40045
3.57365
3.57365
3.57365
3.57365
3.57365
3.57365
3.57365
3.57365
3.57365
3.57365
3.57365
3.57365
3.57365
3.57365
3.57365
3.57365
3.57365
3.57365
3.57365
3.57365
3.57365
3.57365
3.57365
3.57365
3.57365
3.57365
3.57365
3.57365
3.57365
3.57365
3.57365
3.57365
3.57365
3.57365
3.57365
3.74686
3.74686
3.74686
3.74686
3.74686
3.74686
3.74686
3.74686
3.74686
3.74686
3.74686
3.74686
3.74686
3.74686
3.74686
3.74686
3.74686
3.74686
3.74686
3.74686
3.74686
3.74686
3.74686
3.74686
3.74686
3.74686
3.74686
3.74686
3.74686
3.74686
3.74686
3.74686
3.74686
3.92006
3.92006
3.92006
3.92006
3.92006
3.92006
3.92006
3.92006
3.92006
3.92006
3.92006
3.92006
3.92006
3.92006
3.92006
3.92006
3.92006
3.92006
3.92006
3.92006
3.92006
3.92006
3.92006
3.92006
3.92006
3.92006
3.92006
3.92006
3.92006
3.92006
3.92006
4.09327
4.09327
4.09327
4.09327
4.09327
4.09327
4.09327
4.09327
4.09327
4.09327
4.09327
4.09327
4.09327
4.09327
4.09327
4.09327
4.09327
4.09327
4.09327
4.09327
4.09327
4.09327
4.09327
4.09327
4.09327
4.09327
4.09327
4.09327
4.09327
4.26647
4.26647
4.26647
4.26647
4.26647
4.26647
4.26647
4.26647
4.26647
4.26647
4.26647
4.26647
4.26647
4.26647
4.26647
4.26647
4.26647
4.26647
4.26647
4.26647
4.26647
4.26647
4.26647
4.26647
4.26647
4.26647
4.43968
4.43968
4.43968
4.43968
4.43968
4.43968
4.43968
4.43968
4.43968
4.43968
4.43968
4.43968
4.43968
4.43968
4.43968
4.43968
4.43968
4.43968
4.43968
4.43968
4.43968
4.43968
4.43968
4.61288
4.61288
4.61288
4.61288
4.61288
4.61288
4.61288
4.61288
4.61288
4.61288
4.61288
4.61288
4.61288
4.61288
4.61288
4.61288
4.61288
4.61288
4.61288
4.78609
4.78609
4.78609
4.78609
4.78609
4.78609
4.78609
4.78609
4.78609
4.78609
4.78609
4.78609
4.78609
4.78609
4.95929
4.95929
4.95929
4.95929
4.95929
4.95929
-4.94024
-5.00023
-5.04492
-5.07368
-5.08608
-5.08195
-5.06133
-5.02453
-4.9721
-4.76457
-4.87737
-4.9779
-5.06483
-5.13694
-5.19317
-5.23266
-5.2548
-5.25925
-5.24593
-5.21505
-5.1671
-5.10281
-5.02315
-4.92926
-4.82242
-4.70145
-4.83802
-4.96416
-5.07826
-5.17875
-5.26419
-5.33324
-5.38482
-5.41806
-5.43241
-5.42762
-5.40378
-5.36128
-5.30084
-5.22344
-5.1303
-5.02281
-4.90249
-4.77094
-4.62976
-4.4242
-4.58851
-4.74649
-4.89645
-5.03662
-5.16519
-5.28035
-5.38036
-5.46364
-5.52878
-5.57464
-5.6004
-5.60557
-5.59007
-5.55418
-5.49856
-5.42419
-5.33235
-5.22455
-5.10247
-4.96788
-4.82258
-4.66839
-4.50704
-4.24844
-4.4279
-4.6038
-4.7745
-4.93821
-5.093
-5.23686
-5.36774
-5.48362
-5.58259
-5.6629
-5.72306
-5.76193
-5.77872
-5.77311
-5.74521
-5.69558
-5.62518
-5.53534
-5.42768
-5.30405
-5.16642
-5.01684
-4.85735
-4.68991
-4.51639
-4.33852
-4.224
-4.4134
-4.6006
-4.78394
-4.96154
-5.13138
-5.29124
-5.43884
-5.57187
-5.68804
-5.78524
-5.86156
-5.91545
-5.94577
-5.95186
-5.93361
-5.89139
-5.82611
-5.73914
-5.6322
-5.50732
-5.36672
-5.2127
-5.04757
-4.87358
-4.69286
-4.50737
-4.31887
-4.12893
-3.98309
-4.18101
-4.37965
-4.57761
-4.77325
-4.96468
-5.14977
-5.32617
-5.49136
-5.64273
-5.77763
-5.8935
-5.98799
-6.05905
-6.10508
-6.125
-6.11835
-6.08527
-6.02656
-5.94356
-5.8381
-5.7124
-5.56894
-5.41032
-5.23921
-5.05816
-4.86962
-4.67583
-4.47881
-4.28032
-4.08188
-3.88478
-3.71289
-3.91418
-4.11881
-4.32574
-4.53365
-4.74098
-4.94586
-5.14613
-5.33933
-5.52277
-5.69355
-5.84864
-5.98502
-6.09982
-6.19041
-6.25462
-6.29083
-6.29813
-6.2763
-6.22593
-6.14829
-6.04529
-5.91935
-5.77324
-5.60993
-5.43245
-5.24377
-5.04671
-4.84385
-4.6375
-4.42966
-4.22206
-4.01614
-3.81306
-3.62166
-3.82691
-4.03697
-4.25095
-4.46769
-4.68576
-4.90337
-5.1184
-5.32836
-5.53042
-5.72143
-5.89802
-6.05671
-6.19402
-6.3067
-6.39187
-6.44723
-6.47124
-6.46322
-6.42339
-6.35288
-6.25363
-6.12825
-5.97982
-5.81174
-5.62751
-5.43057
-5.22419
-5.01136
-4.79475
-4.57666
-4.35906
-4.14353
-3.93139
-3.72364
-3.5136
-3.72132
-3.93528
-4.15481
-4.37895
-4.60645
-4.83569
-5.06464
-5.29088
-5.51151
-5.72324
-5.92239
-6.10502
-6.26706
-6.40451
-6.51369
-6.59146
-6.63547
-6.64434
-6.61779
-6.55667
-6.46285
-6.3391
-6.18887
-6.01603
-5.82463
-5.61871
-5.40209
-5.17827
-4.95034
-4.72097
-4.49238
-4.26638
-4.0444
-3.82755
-3.61664
-3.41225
-3.18855
-3.38918
-3.59769
-3.81384
-4.03716
-4.26696
-4.5022
-4.74151
-4.98308
-5.22461
-5.46328
-5.69573
-5.91808
-6.12598
-6.3148
-6.47976
-6.61624
-6.72009
-6.78792
-6.81742
-6.80756
-6.75868
-6.67248
-6.55184
-6.40056
-6.22308
-6.02412
-5.80843
-5.58051
-5.3445
-5.10401
-4.86214
-4.62145
-4.38397
-4.15131
-3.92464
-3.70484
-3.49246
-3.28787
-3.05053
-3.24913
-3.45666
-3.67309
-3.89821
-4.13159
-4.37251
-4.6199
-4.87224
-5.12749
-5.38303
-5.63558
-5.88118
-6.11523
-6.33255
-6.52763
-6.69483
-6.82879
-6.92485
-6.97945
-6.99048
-6.9575
-6.88181
-6.76627
-6.61506
-6.43323
-6.22632
-5.99996
-5.75952
-5.50991
-5.25542
-4.99965
-4.74557
-4.49548
-4.25117
-4.0139
-3.78458
-3.56377
-3.35178
-3.14872
-2.8996
-3.09447
-3.29914
-3.51381
-3.73853
-3.97318
-4.21737
-4.4704
-4.73112
-4.99788
-5.2684
-5.53964
-5.80777
-6.0681
-6.31508
-6.54253
-6.74377
-6.91214
-7.04141
-7.12641
-7.16351
-7.15109
-7.08971
-6.98202
-6.83247
-6.64685
-6.43166
-6.19363
-5.93924
-5.67437
-5.40415
-5.13284
-4.86387
-4.59989
-4.34284
-4.09412
-3.85463
-3.62491
-3.40522
-3.19557
-2.99583
-2.73705
-2.92648
-3.12638
-3.33716
-3.55915
-3.79253
-4.03727
-4.29308
-4.55927
-4.83467
-5.11748
-5.40512
-5.69408
-5.97984
-6.25675
-6.51812
-6.75638
-6.96347
-7.13139
-7.25292
-7.32243
-7.3365
-7.29445
-7.19835
-7.0528
-6.86433
-6.64064
-6.38983
-6.11979
-5.83769
-5.54969
-5.26089
-4.97529
-4.69592
-4.42494
-4.16382
-3.91349
-3.67441
-3.44674
-3.23038
-3.02509
-2.83048
-2.56436
-2.74668
-2.93991
-3.14467
-3.36153
-3.59096
-3.8333
-4.0887
-4.35696
-4.63749
-4.92909
-5.22982
-5.53678
-5.84589
-6.15174
-6.44749
-6.72491
-6.97467
-7.18687
-7.35188
-7.46139
-7.50946
-7.49336
-7.41401
-7.27584
-7.08608
-6.85386
-6.58905
-6.30136
-5.99962
-5.69137
-5.38275
-5.07847
-4.78201
-4.49575
-4.22125
-3.95937
-3.7105
-3.47464
-3.25155
-3.04081
-2.84189
-2.65419
-2.38317
-2.5568
-2.74156
-2.9382
-3.14753
-3.37029
-3.60716
-3.85871
-4.12527
-4.40686
-4.70299
-5.01252
-5.33337
-5.66228
-5.99448
-6.32345
-6.64077
-6.93619
-7.19801
-7.41394
-7.57234
-7.66376
-7.68235
-7.62689
-7.50099
-7.31247
-7.07207
-6.79192
-6.48417
-6.15985
-5.82833
-5.49708
-5.1717
-4.85619
-4.55316
-4.2642
-3.99011
-3.73108
-3.48692
-3.25718
-3.04123
-2.83834
-2.64774
-2.46864
-2.19526
-2.35877
-2.53335
-2.71991
-2.91941
-3.13282
-3.36114
-3.60531
-3.86617
-4.14433
-4.44009
-4.75318
-5.08258
-5.42613
-5.78016
-6.13906
-6.49491
-6.83719
-7.15286
-7.42704
-7.64428
-7.79047
-7.85516
-7.83346
-7.72702
-7.54372
-7.29611
-6.99925
-6.66851
-6.31797
-5.95944
-5.60213
-5.25278
-4.91595
-4.59451
-4.29001
-4.00306
-3.73361
-3.48119
-3.24506
-3.02431
-2.81798
-2.62507
-2.44462
-2.27568
-2.00248
-2.1546
-2.3175
-2.49218
-2.67973
-2.88128
-3.09808
-3.33139
-3.58247
-3.85252
-4.14256
-4.45327
-4.78475
-5.1362
-5.50545
-5.88846
-6.27859
-6.66607
-7.03752
-7.37606
-7.66237
-7.77971
-7.527
-7.21207
-6.85478
-6.47342
-6.08316
-5.69558
-5.3188
-4.95808
-4.61644
-4.29531
-3.99499
-3.71506
-3.45463
-3.21259
-2.9877
-2.77868
-2.58428
-2.40331
-2.23464
-2.07725
-1.80674
-1.9464
-2.09633
-2.25758
-2.43129
-2.61873
-2.82127
-3.04044
-3.27783
-3.53511
-3.81394
-4.11587
-4.44214
-4.7934
-5.16928
-5.56779
-5.98451
-6.4116
-6.83684
-7.04353
-6.62541
-6.19741
-5.77427
-5.36592
-4.97834
-4.61464
-4.27591
-3.96193
-3.67173
-3.40388
-3.15675
-2.92868
-2.71802
-2.52321
-2.3428
-2.17548
-2.02002
-1.87535
-1.73627
-1.87221
-2.01874
-2.17705
-2.34842
-2.53434
-2.73645
-2.95656
-3.19669
-3.45899
-3.74572
-4.05913
-4.40124
-4.77353
-5.17638
-5.60827
-6.06457
-6.2992
-5.83382
-5.3889
-4.97117
-4.58355
-4.22648
-3.89895
-3.59916
-3.32493
-3.07399
-2.84413
-2.63326
-2.43947
-2.26101
-2.09635
-1.94408
-1.80298
-1.67196
-1.52629
-1.64745
-1.77831
-1.91998
-2.07375
-2.2411
-2.4237
-2.62347
-2.84259
-3.08353
-3.34902
-3.64208
-3.96586
-4.32348
-4.71766
-5.15004
-5.62005
-5.38051
-4.92905
-4.51587
-4.14025
-3.79993
-3.49191
-3.21302
-2.96017
-2.73046
-2.52131
-2.33038
-2.15563
-1.99527
-1.84771
-1.7116
-1.58572
-1.46903
-1.31842
-1.42431
-1.53883
-1.66302
-1.79808
-1.9454
-2.10662
-2.28362
-2.47859
-2.69411
-2.93314
-3.19911
-3.49592
-3.8279
-4.19968
-4.61578
-5.07985
-4.84166
-4.40193
-4.00853
-3.65723
-3.34339
-3.06252
-2.81048
-2.58361
-2.37871
-2.19302
-2.02417
-1.87011
-1.72911
-1.59964
-1.48043
-1.37035
-1.1145
-1.20489
-1.30273
-1.40894
-1.52461
-1.65099
-1.78956
-1.94208
-2.11062
-2.29764
-2.50609
-2.73947
-3.00195
-3.29851
-3.63491
-4.01776
-4.22883
-3.82009
-3.46133
-3.14563
-2.86678
-2.61942
-2.39898
-2.20165
-2.0242
-1.86396
-1.71865
-1.58637
-1.46552
-1.35473
-1.25282
-1.15881
-0.991098
-1.07221
-1.16032
-1.25633
-1.36134
-1.47662
-1.60371
-1.74442
-1.90098
-2.07605
-2.27292
-2.49558
-2.749
-3.03925
-3.37384
-3.56053
-3.20048
-2.88909
-2.6181
-2.38074
-2.17153
-1.98601
-1.82056
-1.67223
-1.53858
-1.41761
-1.30764
-1.20727
-1.11534
-1.03083
-0.952912
-0.784634
-0.849244
-0.919427
-0.995924
-1.07961
-1.17153
-1.27293
-1.38532
-1.51054
-1.65083
-1.80899
-1.9885
-2.19375
-2.43034
-2.70546
-2.86027
-2.56256
-2.30772
-2.08759
-1.89582
-1.72748
-1.57864
-1.4462
-1.32765
-1.22096
-1.12447
-1.03681
-0.956835
-0.883595
-0.816284
-0.586958
-0.635513
-0.688238
-0.745688
-0.808521
-0.877524
-0.953638
-1.03801
-1.13203
-1.23743
-1.35637
-1.49156
-1.64648
-1.82564
-2.03498
-2.28241
-2.15334
-1.9261
-1.7327
-1.5663
-1.42173
-1.29505
-1.18319
-1.08371
-0.99471
-0.914625
-0.842197
-0.776386
-0.716334
-0.661322
-0.610746
-0.432424
-0.468386
-0.507542
-0.550334
-0.597291
-0.649049
-0.706378
-0.770222
-0.841749
-0.922422
-1.01409
-1.11915
-1.24071
-1.38291
-1.5514
-1.46344
-1.30892
-1.17764
-1.06477
-0.966749
-0.880837
-0.804942
-0.737418
-0.676962
-0.622525
-0.573255
-0.528453
-0.487539
-0.450031
-0.415521
-0.241098
-0.261174
-0.283008
-0.306841
-0.33296
-0.361711
-0.393511
-0.428872
-0.468425
-0.51296
-0.56348
-0.621273
-0.688022
-0.765975
-0.85819
-0.91092
-0.810067
-0.72543
-0.653403
-0.591373
-0.5374
-0.490013
-0.448079
-0.41071
-0.3772
-0.346982
-0.319595
-0.294658
-0.271857
-0.25093
-0.0675813
-0.0732249
-0.0793756
-0.0861049
-0.0934987
-0.10166
-0.110716
-0.120821
-0.132169
-0.145005
-0.159641
-0.176484
-0.196074
-0.219144
-0.246708
-0.232286
-0.207119
-0.185895
-0.167756
-0.152075
-0.138384
-0.126326
-0.115626
-0.106068
-0.0974763
-0.0897128
-0.0826629
-0.0762326
-0.0703437
-0.0649305
0.111709
0.12102
0.131149
0.142209
0.154334
0.167685
0.182459
0.198895
0.21729
0.238017
0.26155
0.288498
0.319662
0.356114
0.399324
0.424078
0.376762
0.337146
0.303493
0.274552
0.249399
0.227335
0.207826
0.190452
0.17488
0.160845
0.148129
0.136555
0.125976
0.116269
0.299257
0.324199
0.351371
0.381083
0.41371
0.449701
0.489602
0.534086
0.583986
0.640352
0.704521
0.778222
0.863737
0.964127
1.0836
1.02116
0.911842
0.819333
0.740053
0.671364
0.611285
0.558299
0.511223
0.469124
0.431253
0.397006
0.365888
0.337488
0.311467
0.287538
0.461288
0.499564
0.541156
0.586513
0.636167
0.690755
0.751044
0.81797
0.89268
0.976602
1.07153
1.17975
1.3042
1.44877
1.61864
1.82088
1.71518
1.53016
1.37369
1.23973
1.12381
1.02256
0.933387
0.85427
0.783611
0.720133
0.662799
0.610766
0.563333
0.519919
0.480037
0.657303
0.71166
0.770766
0.835264
0.905916
0.983636
1.06952
1.16491
1.27144
1.39113
1.52653
1.68083
1.85815
2.06382
2.30486
2.44145
2.1794
1.95705
1.76631
1.60108
1.45669
1.3295
1.21667
1.11594
1.02548
0.943829
0.869767
0.802296
0.740582
0.683924
0.631731
0.863234
0.934285
1.01156
1.0959
1.18829
1.28993
1.40222
1.52689
1.66602
1.82218
1.99855
2.1991
2.42882
2.69404
3.00281
3.17664
2.8424
2.55653
2.30995
2.09552
1.90761
1.74179
1.5945
1.46288
1.34464
1.23787
1.14102
1.05279
0.972095
0.898029
0.829816
0.996421
1.07773
1.16587
1.26171
1.36627
1.48075
1.60659
1.74548
1.89946
2.07098
2.26301
2.47917
2.72386
3.00247
3.32155
3.68897
3.89364
3.49867
3.15649
2.85855
2.59764
2.36782
2.16422
1.98285
1.82044
1.67429
1.54215
1.42219
1.31283
1.21277
1.1209
1.03627
1.20193
1.29919
1.40456
1.51904
1.64382
1.78028
1.93003
2.09499
2.27741
2.47996
2.7058
2.95867
3.24299
3.56385
3.92707
4.33893
4.56506
4.12652
3.73978
3.3985
3.0966
2.8286
2.58975
2.37598
2.18386
2.01048
1.85338
1.71049
1.58006
1.46059
1.3508
1.24961
1.15607
1.41263
1.52576
1.6482
1.78105
1.92562
2.08341
2.25616
2.44588
2.6549
2.88591
3.14201
3.42668
3.74382
4.09756
4.49202
4.93069
5.16727
4.70566
4.28946
3.91585
3.58094
3.28054
3.01061
2.76747
2.54781
2.34876
2.1678
2.00276
1.85178
1.71324
1.58575
1.4681
1.35924
1.50734
1.6267
1.75537
1.89439
2.04496
2.20844
2.38638
2.58053
2.7929
3.02572
3.28148
3.56292
3.87289
4.21427
4.58961
5.00067
5.44748
5.92706
5.68353
5.2197
4.79062
4.39756
4.03948
3.71415
3.41882
3.15057
2.9066
2.68431
2.48131
2.2955
2.125
1.96815
1.82352
1.68981
1.56592
1.70875
1.84219
1.98576
2.14056
2.3078
2.48884
2.68519
2.89852
3.13067
3.38363
3.65946
3.96023
4.28786
4.64384
5.02878
5.44176
5.8794
6.33459
6.56516
6.10543
5.65784
5.2319
4.8327
4.46225
4.12058
3.8066
3.51855
3.25442
3.01212
2.78962
2.585
2.39651
2.22255
2.06169
1.91264
1.77426
1.91021
2.05698
2.21455
2.38399
2.56647
2.76327
2.97578
3.20549
3.45394
3.72268
4.01317
4.32661
4.66375
5.0245
5.40745
5.80919
6.22351
6.64045
7.0456
7.23794
6.84559
6.43244
6.0153
5.60628
5.21336
4.84123
4.4922
4.16696
3.86512
3.58568
3.32728
3.08839
2.86747
2.66299
2.47352
2.29772
2.13435
1.98231
2.10978
2.26892
2.43929
2.6219
2.81783
3.02821
3.25422
3.49706
3.75784
4.03756
4.33693
4.65617
4.99478
5.3511
5.7219
6.1018
6.48267
6.85321
7.19883
7.50219
7.74474
7.90909
7.98212
7.9576
7.83764
7.63222
7.35695
7.03017
6.67007
6.29274
5.91115
5.53497
5.17088
4.82313
4.49408
4.18476
3.89528
3.62514
3.37347
3.13919
2.92114
2.71813
2.529
2.35264
2.188
2.03413
2.30549
2.4758
2.65753
2.85158
3.05887
3.28033
3.51685
3.76923
4.03812
4.32384
4.62631
4.94474
5.27743
5.62139
5.97195
6.32243
6.66381
6.9847
7.27168
7.51028
7.68645
7.78857
7.80938
7.74735
7.60698
7.39794
7.13332
6.82761
6.49492
6.14771
5.79621
5.44825
5.10946
4.78361
4.47301
4.17887
3.90158
3.64101
3.39665
3.16777
2.95351
2.75296
2.56518
2.38927
2.22435
2.49538
2.67545
2.86688
3.07041
3.28675
3.51656
3.7604
4.01862
4.29133
4.57818
4.87829
5.18995
5.51045
5.83575
6.16029
6.47675
6.77608
7.04771
7.28014
7.46198
7.5832
7.63654
7.61867
7.5307
7.37806
7.16955
6.91606
6.62919
6.32005
5.99853
5.67281
5.34931
5.03282
4.72667
4.43303
4.15317
3.8877
3.6367
3.39993
3.17693
2.96709
2.7697
2.58404
2.40937
2.67755
2.86582
3.06512
3.276
3.49892
3.73425
3.98216
4.24254
4.51495
4.7984
5.09129
5.39115
5.69448
5.99662
6.29155
6.57196
6.82937
7.05453
7.23811
7.37157
7.44811
7.46363
7.41728
7.31158
7.15208
6.94657
6.70411
6.43408
6.14541
5.84604
5.54264
5.24054
4.9438
4.65538
4.37729
4.11081
3.85663
3.61502
3.38593
3.16908
2.96405
2.77034
2.58737
2.85021
3.04499
3.25022
3.46623
3.69323
3.93124
4.18004
4.43908
4.7074
4.98346
5.26504
5.54912
5.83173
6.10787
6.37155
6.61587
6.83329
7.01611
7.15706
7.25002
7.29067
7.27706
7.20986
7.09224
6.92949
6.72842
6.49659
6.24168
5.97096
5.69089
5.40699
5.12373
4.84458
4.57216
4.30833
4.05431
3.81087
3.57835
3.35686
3.14627
2.94631
2.75662
3.01172
3.21125
3.42042
3.63934
3.86792
4.10586
4.35258
4.60711
4.86802
5.13333
5.4004
5.66583
5.92543
6.17423
6.40653
6.61612
6.79659
6.94176
7.04617
7.10564
7.11766
7.08173
6.99936
6.87395
6.71039
6.51456
6.29282
6.05152
5.79665
5.53356
5.26684
5.00027
4.73687
4.47894
4.22818
3.98575
3.75244
3.52867
3.31462
3.11029
2.91552
3.16065
3.36313
3.57428
3.79392
4.02171
4.25703
4.49897
4.74621
4.99695
5.24889
5.4991
5.74403
5.9795
6.20077
6.40266
6.57979
6.72689
6.83915
6.91263
6.94462
6.93392
6.88094
6.78764
6.65741
6.49466
6.30448
6.09223
5.86323
5.62247
5.37442
5.12294
4.87127
4.62203
4.37725
4.13848
3.90682
3.68305
3.46763
3.26081
3.06265
3.29576
3.49945
3.71064
3.92895
4.15375
4.38418
4.61901
4.85664
5.09504
5.33167
5.5635
5.78698
5.99812
6.19257
6.36576
6.51319
6.63063
6.71446
6.76197
6.77156
6.74289
6.67694
6.5759
6.44297
6.28211
6.09771
5.89436
5.67652
5.44839
5.21375
4.97589
4.73759
4.50113
4.26833
4.04059
3.81894
3.60413
3.39665
3.41607
3.61929
3.82873
4.04381
4.26367
4.48722
4.713
4.93921
5.16365
5.3837
5.59635
5.79817
5.98549
6.15441
6.30105
6.42172
6.51312
6.57264
6.59847
6.58984
6.547
6.47126
6.36485
6.23075
6.07249
5.89388
5.69884
5.49116
5.27441
5.0518
4.82618
4.59993
4.37507
4.1532
3.93561
3.72326
3.51687
3.72202
3.92808
4.13824
4.35148
4.56649
4.78169
4.99513
5.20454
5.40733
5.60058
5.78111
5.9456
6.0907
6.21314
6.30998
6.37873
6.41755
6.42537
6.40197
6.348
6.26493
6.15494
6.02078
5.86557
5.69264
5.50534
5.30694
5.10049
4.88876
4.67418
4.45885
4.24455
4.03271
3.82449
3.62079
3.80732
4.00853
4.21232
4.41752
4.6227
4.82617
5.02593
5.21973
5.40505
5.57916
5.73918
5.8822
6.00535
6.10598
6.18179
6.23096
6.25225
6.24514
6.2098
6.14712
6.05863
5.94643
5.813
5.66111
5.49368
5.31362
5.12373
4.92665
4.72477
4.52021
4.31483
4.11017
3.90753
4.07019
4.26641
4.46246
4.65683
4.84779
5.03336
5.21134
5.37938
5.53496
5.67555
5.79862
5.90179
5.98294
6.04032
6.07263
6.07913
6.05966
6.01469
5.94524
5.85283
5.73943
5.60729
5.45889
5.29676
5.12344
4.94138
4.75286
4.55996
4.36454
4.16824
3.97242
4.11343
4.30111
4.48717
4.67006
4.84806
5.01925
5.18155
5.33279
5.47072
5.59312
5.69786
5.78299
5.84685
5.88813
5.90599
5.90003
5.87038
5.81767
5.74298
5.64782
5.534
5.40356
5.25869
5.10164
4.93463
4.75979
4.57912
4.39443
4.20738
4.31722
4.4927
4.66372
4.82858
4.98548
5.13248
5.26763
5.38893
5.49448
5.58251
5.65146
5.70005
5.72735
5.73284
5.7164
5.67836
5.61946
5.54079
5.44379
5.33013
5.20166
5.06034
4.90815
4.74703
4.57887
4.40542
4.48022
4.6392
4.79099
4.9339
5.06618
5.18607
5.29186
5.38194
5.45484
5.50935
5.54451
5.55969
5.55462
5.52939
5.48446
5.42062
5.33896
5.24084
5.12779
5.00148
4.86367
4.7161
4.56051
4.7369
4.8663
4.98455
5.09013
5.18157
5.25751
5.31679
5.35846
5.38184
5.38653
5.37246
5.33987
5.28929
5.22155
5.13771
5.03902
4.92691
4.80289
4.66852
4.88937
4.98161
5.05984
5.12295
5.17
5.2003
5.21337
5.20901
5.18728
5.14853
5.09335
5.02255
4.93717
4.83837
4.97977
5.0159
5.03614
5.0402
5.02803
4.99979
